480
0 0 0 0
1 60 240 300
2 18 300 480
3 11 0 240
4 11 0 240
5 20 300 480
6 16 0 240
7 16 300 480
8 15 300 480
9 15 300 480
10 10 300 480
11 10 300 480
12 15 300 480
13 15 0 240
14 19 0 240
15 20 0 240
16 19 300 480
17 15 300 480
18 12 0 240
19 14 300 480
20 15 0 240
21 10 0 240
22 17 300 480
23 20 300 480
24 12 300 480
25 19 300 480
26 14 300 480
27 16 0 240
28 18 0 240
29 16 300 480
30 15 300 480
31 11 0 240
32 19 0 240
33 18 0 240
34 15 0 240
35 14 300 480
36 11 0 240
37 16 300 480
38 18 0 240
39 19 300 480
40 15 300 480
41 13 300 480
42 11 300 480
43 11 300 480
44 12 300 480
45 16 300 480
46 17 0 240
47 19 300 480
48 19 300 480
49 14 300 480
