480
0 0 0 0
1 60 240 300
2 10 280 322
3 14 123 154
4 13 123 139
5 20 314 344
6 15 359 371
7 19 355 366
8 11 16 33
9 18 277 288
10 11 440 452
11 17 177 223
12 20 87 135
13 17 295 322
14 17 173 196
15 20 72 91
16 14 313 343
17 16 240 278
18 15 46 61
19 20 156 173
20 12 148 172
21 14 251 284
22 10 76 112
23 12 70 104
24 10 312 342
25 10 314 337
26 10 376 397
27 11 29 48
28 16 60 72
29 11 60 74
30 20 35 82
31 18 176 210
32 12 433 460
33 19 206 232
34 20 395 428
35 18 206 221
36 10 442 480
37 13 410 443
38 16 124 139
39 18 59 86
40 11 73 110
41 20 94 140
42 11 261 302
43 11 191 233
44 10 131 154
45 14 432 475
46 17 219 242
47 18 19 41
48 17 406 422
49 11 174 222
50 13 446 463
51 19 31 61
52 18 288 316
53 13 431 477
54 18 94 129
55 16 318 330
56 17 32 79
57 14 374 420
58 14 357 370
59 14 455 485
60 17 166 194
61 16 175 213
62 17 296 316
63 17 19 33
64 20 248 265
65 14 130 164
66 18 302 351
67 18 251 292
68 18 427 477
69 12 95 115
70 15 103 143
71 12 428 461
72 19 384 418
73 19 347 391
74 12 186 231
75 11 299 312
76 18 194 217
77 10 334 369
78 13 444 456
79 17 207 254
80 15 221 237
81 12 81 115
82 13 127 158
83 15 309 355
84 16 171 207
85 15 81 119
86 12 6 42
87 16 309 350
88 10 134 173
89 10 53 96
90 13 296 310
91 19 305 335
92 20 98 110
93 15 15 34
94 19 152 164
95 18 15 34
96 12 16 48
97 17 441 489
98 14 0 41
99 19 252 271
100 11 455 484
101 12 376 406
102 16 64 110
103 18 344 387
104 10 201 243
105 10 177 223
106 18 336 376
107 15 116 159
108 13 108 130
109 11 372 393
110 19 227 274
111 14 16 37
112 19 230 264
113 12 430 477
114 14 201 250
115 12 414 432
116 11 40 89
117 16 350 396
118 16 136 167
119 18 452 481
120 13 104 143
121 14 30 74
122 19 338 360
123 13 438 448
124 20 118 156
125 18 156 174
126 15 460 501
127 10 102 116
128 15 34 80
129 12 217 260
130 20 165 184
131 17 175 185
132 18 66 106
133 13 231 263
134 18 132 142
135 12 399 427
136 15 364 396
137 12 100 119
138 16 28 72
139 14 413 427
140 12 23 44
141 12 128 167
142 13 137 148
143 13 347 369
144 20 262 293
145 12 90 135
146 16 179 218
147 16 368 395
148 10 301 326
149 15 61 97
150 17 367 392
151 13 258 307
152 14 318 365
153 10 251 273
154 17 53 72
155 12 273 292
156 13 59 101
157 17 199 212
158 10 335 366
159 20 230 268
160 15 313 351
161 12 350 385
162 14 146 186
163 17 430 449
164 20 400 437
165 18 9 43
166 17 99 116
167 12 428 446
168 19 146 187
169 20 45 87
170 11 343 361
171 14 188 229
172 11 448 464
173 19 293 323
174 20 4 15
175 13 186 229
176 12 403 415
177 14 148 190
178 10 182 204
179 14 453 464
180 18 457 506
181 19 331 342
182 14 454 496
183 11 68 101
184 17 117 162
185 19 340 374
186 12 419 431
187 11 249 263
188 19 411 445
189 14 18 32
190 13 175 198
191 11 168 205
192 12 80 92
193 10 26 62
194 18 114 142
195 10 193 210
196 14 295 317
197 19 81 125
198 15 215 250
199 10 165 189
200 10 288 304
201 11 334 379
202 16 294 316
203 20 187 209
204 11 235 268
205 15 322 347
206 20 370 383
207 14 312 350
208 18 69 85
209 17 286 305
210 16 375 416
211 11 26 48
212 10 441 456
213 15 311 332
214 19 356 377
215 20 54 97
216 11 304 340
217 12 432 472
218 11 216 260
219 19 389 400
220 14 423 469
221 16 35 84
222 16 428 466
223 19 253 269
224 12 321 370
225 13 402 446
226 20 35 54
227 14 387 434
228 12 17 31
229 14 148 165
230 13 203 233
231 19 315 345
232 12 20 32
233 20 437 473
234 18 385 399
235 12 416 439
236 13 70 105
237 14 177 206
238 15 320 368
239 18 360 382
240 10 432 470
241 13 234 272
242 11 363 406
243 15 292 329
244 13 279 306
245 15 423 447
246 12 131 161
247 19 34 44
248 17 140 156
249 10 149 191
250 14 21 70
251 10 181 199
252 14 420 442
253 12 233 271
254 11 446 464
255 13 180 214
256 11 190 206
257 19 224 271
258 11 158 169
259 16 180 208
260 12 96 120
261 10 77 95
262 16 405 442
263 14 377 419
264 10 332 353
265 18 287 326
266 10 3 27
267 15 373 397
268 19 359 387
269 10 256 288
270 12 329 339
271 15 238 268
272 12 192 223
273 18 116 151
274 19 419 469
275 17 246 260
276 15 8 21
277 20 163 191
278 14 211 239
279 17 70 81
280 10 349 364
281 14 280 299
282 16 441 472
283 12 122 170
284 17 394 417
285 20 157 181
286 18 66 97
287 14 92 136
288 18 33 55
289 17 399 415
290 19 443 469
291 12 243 288
292 11 195 231
293 20 454 478
294 13 431 441
295 17 208 234
296 16 268 287
297 16 209 251
298 14 404 414
299 15 232 248
