540
0 0 0 0
1 60 300 360
2 19 0 540
3 20 0 540
4 14 0 540
5 20 0 540
6 17 0 540
7 12 0 540
8 13 0 540
9 17 0 540
10 20 0 540
11 18 0 540
12 18 0 540
13 11 0 540
14 14 0 540
15 13 0 540
16 17 0 540
17 16 0 540
18 17 0 540
19 16 0 540
20 11 0 540
21 19 0 540
22 12 0 540
23 15 0 540
24 17 0 540
25 20 0 540
26 13 0 540
27 13 0 540
28 15 0 540
29 18 0 540
30 10 0 540
31 11 0 540
32 14 0 540
33 15 0 540
34 17 0 540
35 12 0 540
36 11 0 540
37 17 0 540
38 15 0 540
39 12 0 540
40 16 0 540
41 20 0 540
42 17 0 540
43 17 0 540
44 15 0 540
45 13 0 540
46 11 0 540
47 20 0 540
48 15 0 540
49 20 0 540
50 16 0 540
51 16 0 540
52 18 0 540
53 18 0 540
54 20 0 540
55 19 0 540
56 20 0 540
57 17 0 540
58 13 0 540
59 11 0 540
60 18 0 540
61 20 0 540
62 17 0 540
63 10 0 540
64 18 0 540
65 12 0 540
66 17 0 540
67 18 0 540
68 14 0 540
69 15 0 540
70 13 0 540
71 18 0 540
72 15 0 540
73 19 0 540
74 14 0 540
75 13 0 540
76 11 0 540
77 10 0 540
78 14 0 540
79 16 0 540
80 12 0 540
81 11 0 540
82 20 0 540
83 11 0 540
84 17 0 540
85 16 0 540
86 19 0 540
87 14 0 540
88 10 0 540
89 17 0 540
90 18 0 540
91 18 0 540
92 18 0 540
93 16 0 540
94 18 0 540
95 11 0 540
96 13 0 540
97 10 0 540
98 18 0 540
99 12 0 540
100 11 0 540
101 16 0 540
102 13 0 540
103 17 0 540
104 10 0 540
105 19 0 540
106 18 0 540
107 12 0 540
108 18 0 540
109 20 0 540
110 17 0 540
111 10 0 540
112 16 0 540
113 10 0 540
114 12 0 540
115 15 0 540
116 11 0 540
117 17 0 540
118 14 0 540
119 16 0 540
120 20 0 540
121 20 0 540
122 12 0 540
123 15 0 540
124 13 0 540
125 15 0 540
126 11 0 540
127 16 0 540
128 10 0 540
129 11 0 540
130 20 0 540
131 11 0 540
132 20 0 540
133 20 0 540
134 20 0 540
135 17 0 540
136 17 0 540
137 13 0 540
138 17 0 540
139 11 0 540
140 16 0 540
141 12 0 540
142 12 0 540
143 14 0 540
144 15 0 540
145 19 0 540
146 14 0 540
147 17 0 540
148 18 0 540
149 14 0 540
150 10 0 540
151 12 0 540
152 17 0 540
153 15 0 540
154 17 0 540
155 19 0 540
156 19 0 540
157 19 0 540
158 15 0 540
159 15 0 540
160 15 0 540
161 11 0 540
162 17 0 540
163 14 0 540
164 13 0 540
165 12 0 540
166 16 0 540
167 12 0 540
168 14 0 540
169 10 0 540
170 16 0 540
171 15 0 540
172 19 0 540
173 14 0 540
174 18 0 540
175 14 0 540
176 17 0 540
177 11 0 540
178 18 0 540
179 11 0 540
180 12 0 540
181 13 0 540
182 11 0 540
183 16 0 540
184 15 0 540
185 13 0 540
186 20 0 540
187 15 0 540
188 17 0 540
189 12 0 540
190 10 0 540
191 10 0 540
192 19 0 540
193 15 0 540
194 17 0 540
195 12 0 540
196 13 0 540
197 13 0 540
198 16 0 540
199 12 0 540
200 15 0 540
201 18 0 540
202 13 0 540
203 14 0 540
204 10 0 540
205 12 0 540
206 17 0 540
207 11 0 540
208 12 0 540
209 17 0 540
210 18 0 540
211 15 0 540
212 14 0 540
213 15 0 540
214 18 0 540
215 13 0 540
216 19 0 540
217 20 0 540
218 20 0 540
219 12 0 540
220 19 0 540
221 15 0 540
222 14 0 540
223 17 0 540
224 18 0 540
225 17 0 540
226 13 0 540
227 19 0 540
228 18 0 540
229 18 0 540
230 10 0 540
231 15 0 540
232 10 0 540
233 13 0 540
234 16 0 540
235 13 0 540
236 20 0 540
237 18 0 540
238 12 0 540
239 13 0 540
240 19 0 540
241 10 0 540
242 13 0 540
243 19 0 540
244 13 0 540
245 11 0 540
246 14 0 540
247 12 0 540
248 19 0 540
249 18 0 540
250 19 0 540
251 19 0 540
252 18 0 540
253 11 0 540
254 12 0 540
255 17 0 540
256 10 0 540
257 17 0 540
258 13 0 540
259 11 0 540
260 13 0 540
261 15 0 540
262 20 0 540
263 13 0 540
264 11 0 540
265 20 0 540
266 19 0 540
267 20 0 540
268 13 0 540
269 11 0 540
270 16 0 540
271 14 0 540
272 12 0 540
273 17 0 540
274 19 0 540
275 19 0 540
276 19 0 540
277 14 0 540
278 12 0 540
279 15 0 540
280 18 0 540
281 10 0 540
282 15 0 540
283 12 0 540
284 19 0 540
285 14 0 540
286 12 0 540
287 19 0 540
288 15 0 540
289 11 0 540
290 14 0 540
291 18 0 540
292 15 0 540
293 17 0 540
294 13 0 540
295 15 0 540
296 13 0 540
297 19 0 540
298 15 0 540
299 12 0 540
300 19 0 540
301 17 0 540
302 12 0 540
303 10 0 540
304 17 0 540
305 13 0 540
306 17 0 540
307 17 0 540
308 17 0 540
309 20 0 540
310 10 0 540
311 11 0 540
312 11 0 540
313 16 0 540
314 18 0 540
315 11 0 540
316 16 0 540
317 11 0 540
318 10 0 540
319 15 0 540
320 17 0 540
321 17 0 540
322 17 0 540
323 17 0 540
324 14 0 540
325 13 0 540
326 18 0 540
327 20 0 540
328 11 0 540
329 14 0 540
330 10 0 540
331 10 0 540
332 13 0 540
333 14 0 540
334 15 0 540
335 19 0 540
336 20 0 540
337 17 0 540
338 19 0 540
339 12 0 540
340 10 0 540
341 10 0 540
342 19 0 540
343 14 0 540
344 15 0 540
345 17 0 540
346 10 0 540
347 19 0 540
348 17 0 540
349 20 0 540
350 13 0 540
351 12 0 540
352 12 0 540
353 16 0 540
354 15 0 540
355 15 0 540
356 12 0 540
357 12 0 540
358 20 0 540
359 13 0 540
360 19 0 540
361 15 0 540
362 11 0 540
363 17 0 540
364 14 0 540
365 20 0 540
366 16 0 540
367 15 0 540
368 13 0 540
369 12 0 540
370 15 0 540
371 20 0 540
372 11 0 540
373 18 0 540
374 16 0 540
375 12 0 540
376 11 0 540
377 20 0 540
378 19 0 540
379 15 0 540
380 19 0 540
381 19 0 540
382 17 0 540
383 10 0 540
384 16 0 540
385 12 0 540
386 17 0 540
387 13 0 540
388 15 0 540
389 18 0 540
390 11 0 540
391 13 0 540
392 15 0 540
393 14 0 540
394 13 0 540
395 19 0 540
396 13 0 540
397 13 0 540
398 11 0 540
399 12 0 540
400 10 0 540
401 20 0 540
402 17 0 540
403 10 0 540
404 10 0 540
405 14 0 540
406 10 0 540
407 17 0 540
408 18 0 540
409 10 0 540
410 14 0 540
411 12 0 540
412 17 0 540
413 17 0 540
414 14 0 540
415 12 0 540
416 14 0 540
417 13 0 540
418 18 0 540
419 14 0 540
420 12 0 540
421 18 0 540
422 14 0 540
423 15 0 540
424 12 0 540
425 17 0 540
426 16 0 540
427 18 0 540
428 11 0 540
429 20 0 540
430 10 0 540
431 14 0 540
432 13 0 540
433 16 0 540
434 12 0 540
435 12 0 540
436 18 0 540
437 13 0 540
438 15 0 540
439 18 0 540
440 10 0 540
441 13 0 540
442 10 0 540
443 10 0 540
444 19 0 540
445 17 0 540
446 11 0 540
447 16 0 540
448 13 0 540
449 17 0 540
450 14 0 540
451 20 0 540
452 14 0 540
453 12 0 540
454 12 0 540
455 13 0 540
456 12 0 540
457 10 0 540
458 12 0 540
459 13 0 540
460 13 0 540
461 15 0 540
462 17 0 540
463 17 0 540
464 20 0 540
465 16 0 540
466 10 0 540
467 10 0 540
468 10 0 540
469 11 0 540
470 12 0 540
471 17 0 540
472 16 0 540
473 19 0 540
474 20 0 540
475 10 0 540
476 12 0 540
477 19 0 540
478 12 0 540
479 10 0 540
480 20 0 540
481 20 0 540
482 20 0 540
483 12 0 540
484 10 0 540
485 11 0 540
486 14 0 540
487 20 0 540
488 12 0 540
489 18 0 540
490 15 0 540
491 15 0 540
492 14 0 540
493 14 0 540
494 12 0 540
495 19 0 540
496 16 0 540
497 10 0 540
498 12 0 540
499 20 0 540
