0 1 21
0 2 20
0 3 18
0 4 20
0 5 20
0 6 19
0 7 17
0 8 19
0 9 21
0 10 18
0 11 18
0 12 22
0 13 20
0 14 20
0 15 18
0 16 20
0 17 19
0 18 19
0 19 18
0 20 22
0 21 21
0 22 19
0 23 23
0 24 24
0 25 26
0 26 20
0 27 17
0 28 18
0 29 22
0 30 15
0 31 17
0 32 24
0 33 21
0 34 23
0 35 14
0 36 19
0 37 18
0 38 22
0 39 20
0 40 16
0 41 18
0 42 16
0 43 16
0 44 14
0 45 15
0 46 20
0 47 19
0 48 20
0 49 20
1 2 18
1 3 22
1 4 13
1 5 18
1 6 18
1 7 18
1 8 22
1 9 22
1 10 21
1 11 17
1 12 18
1 13 20
1 14 21
1 15 19
1 16 19
1 17 18
1 18 21
1 19 15
1 20 19
1 21 23
1 22 17
1 23 27
1 24 19
1 25 18
1 26 18
1 27 18
1 28 20
1 29 23
1 30 19
1 31 20
1 32 19
1 33 21
1 34 21
1 35 19
1 36 22
1 37 19
1 38 23
1 39 18
1 40 20
1 41 22
1 42 21
1 43 22
1 44 21
1 45 23
1 46 20
1 47 24
1 48 22
1 49 12
2 3 24
2 4 19
2 5 23
2 6 20
2 7 17
2 8 17
2 9 23
2 10 26
2 11 18
2 12 15
2 13 22
2 14 18
2 15 17
2 16 20
2 17 21
2 18 20
2 19 19
2 20 16
2 21 19
2 22 22
2 23 23
2 24 24
2 25 17
2 26 18
2 27 21
2 28 23
2 29 19
2 30 16
2 31 16
2 32 19
2 33 20
2 34 22
2 35 23
2 36 16
2 37 24
2 38 19
2 39 11
2 40 18
2 41 17
2 42 20
2 43 19
2 44 13
2 45 19
2 46 18
2 47 19
2 48 16
2 49 19
3 4 15
3 5 24
3 6 18
3 7 22
3 8 17
3 9 19
3 10 18
3 11 22
3 12 21
3 13 19
3 14 20
3 15 21
3 16 26
3 17 19
3 18 21
3 19 23
3 20 22
3 21 21
3 22 17
3 23 23
3 24 24
3 25 17
3 26 14
3 27 18
3 28 15
3 29 20
3 30 20
3 31 17
3 32 21
3 33 16
3 34 16
3 35 20
3 36 20
3 37 23
3 38 22
3 39 23
3 40 24
3 41 16
3 42 17
3 43 17
3 44 19
3 45 18
3 46 25
3 47 21
3 48 17
3 49 23
4 5 17
4 6 21
4 7 20
4 8 17
4 9 20
4 10 14
4 11 23
4 12 27
4 13 22
4 14 21
4 15 14
4 16 19
4 17 21
4 18 23
4 19 15
4 20 24
4 21 21
4 22 21
4 23 21
4 24 17
4 25 20
4 26 19
4 27 18
4 28 20
4 29 13
4 30 16
4 31 18
4 32 23
4 33 19
4 34 23
4 35 17
4 36 19
4 37 18
4 38 16
4 39 21
4 40 18
4 41 21
4 42 19
4 43 24
4 44 20
4 45 19
4 46 16
4 47 30
4 48 22
4 49 23
5 6 24
5 7 21
5 8 18
5 9 22
5 10 17
5 11 25
5 12 16
5 13 20
5 14 17
5 15 12
5 16 15
5 17 18
5 18 22
5 19 19
5 20 19
5 21 19
5 22 21
5 23 17
5 24 21
5 25 17
5 26 17
5 27 20
5 28 20
5 29 14
5 30 19
5 31 25
5 32 17
5 33 18
5 34 25
5 35 17
5 36 20
5 37 22
5 38 21
5 39 17
5 40 19
5 41 22
5 42 26
5 43 26
5 44 22
5 45 15
5 46 22
5 47 22
5 48 22
5 49 20
6 7 16
6 8 17
6 9 22
6 10 20
6 11 21
6 12 20
6 13 20
6 14 20
6 15 19
6 16 20
6 17 19
6 18 17
6 19 16
6 20 26
6 21 21
6 22 19
6 23 13
6 24 17
6 25 20
6 26 20
6 27 21
6 28 17
6 29 15
6 30 20
6 31 20
6 32 18
6 33 21
6 34 20
6 35 22
6 36 18
6 37 17
6 38 17
6 39 18
6 40 23
6 41 19
6 42 21
6 43 20
6 44 19
6 45 13
6 46 22
6 47 22
6 48 22
6 49 17
7 8 23
7 9 20
7 10 19
7 11 22
7 12 21
7 13 19
7 14 22
7 15 15
7 16 17
7 17 18
7 18 23
7 19 22
7 20 21
7 21 19
7 22 22
7 23 22
7 24 20
7 25 19
7 26 20
7 27 18
7 28 21
7 29 20
7 30 13
7 31 21
7 32 19
7 33 19
7 34 21
7 35 22
7 36 23
7 37 22
7 38 15
7 39 25
7 40 22
7 41 14
7 42 20
7 43 23
7 44 19
7 45 18
7 46 22
7 47 20
7 48 15
7 49 23
8 9 20
8 10 19
8 11 26
8 12 22
8 13 19
8 14 21
8 15 21
8 16 14
8 17 15
8 18 16
8 19 23
8 20 15
8 21 19
8 22 23
8 23 22
8 24 19
8 25 15
8 26 15
8 27 22
8 28 17
8 29 17
8 30 23
8 31 22
8 32 20
8 33 20
8 34 15
8 35 24
8 36 22
8 37 17
8 38 17
8 39 23
8 40 22
8 41 19
8 42 18
8 43 19
8 44 19
8 45 20
8 46 22
8 47 20
8 48 17
8 49 26
9 10 14
9 11 20
9 12 20
9 13 19
9 14 14
9 15 23
9 16 17
9 17 20
9 18 17
9 19 30
9 20 27
9 21 18
9 22 18
9 23 20
9 24 19
9 25 22
9 26 20
9 27 22
9 28 22
9 29 17
9 30 17
9 31 18
9 32 19
9 33 12
9 34 18
9 35 17
9 36 24
9 37 16
9 38 16
9 39 18
9 40 17
9 41 20
9 42 21
9 43 21
9 44 20
9 45 20
9 46 14
9 47 22
9 48 14
9 49 17
10 11 23
10 12 20
10 13 18
10 14 22
10 15 20
10 16 24
10 17 17
10 18 23
10 19 24
10 20 21
10 21 22
10 22 23
10 23 25
10 24 20
10 25 19
10 26 25
10 27 20
10 28 16
10 29 22
10 30 17
10 31 17
10 32 20
10 33 22
10 34 15
10 35 16
10 36 19
10 37 20
10 38 21
10 39 21
10 40 23
10 41 19
10 42 16
10 43 20
10 44 23
10 45 15
10 46 22
10 47 23
10 48 13
10 49 18
11 12 23
11 13 21
11 14 21
11 15 23
11 16 21
11 17 17
11 18 17
11 19 19
11 20 25
11 21 17
11 22 20
11 23 20
11 24 17
11 25 19
11 26 24
11 27 20
11 28 22
11 29 23
11 30 23
11 31 22
11 32 22
11 33 15
11 34 23
11 35 17
11 36 19
11 37 21
11 38 15
11 39 13
11 40 19
11 41 18
11 42 21
11 43 20
11 44 20
11 45 18
11 46 18
11 47 16
11 48 17
11 49 22
12 13 19
12 14 23
12 15 21
12 16 23
12 17 17
12 18 16
12 19 26
12 20 19
12 21 23
12 22 17
12 23 23
12 24 23
12 25 23
12 26 18
12 27 15
12 28 21
12 29 16
12 30 15
12 31 17
12 32 20
12 33 21
12 34 16
12 35 18
12 36 18
12 37 16
12 38 19
12 39 15
12 40 17
12 41 19
12 42 21
12 43 17
12 44 22
12 45 17
12 46 20
12 47 18
12 48 20
12 49 23
13 14 22
13 15 23
13 16 21
13 17 23
13 18 19
13 19 18
13 20 15
13 21 16
13 22 20
13 23 20
13 24 24
13 25 17
13 26 19
13 27 23
13 28 18
13 29 14
13 30 23
13 31 20
13 32 12
13 33 18
13 34 22
13 35 20
13 36 24
13 37 22
13 38 16
13 39 19
13 40 18
13 41 21
13 42 19
13 43 20
13 44 18
13 45 18
13 46 15
13 47 21
13 48 23
13 49 20
14 15 27
14 16 23
14 17 27
14 18 19
14 19 19
14 20 21
14 21 22
14 22 18
14 23 16
14 24 20
14 25 23
14 26 21
14 27 17
14 28 18
14 29 23
14 30 23
14 31 16
14 32 23
14 33 19
14 34 20
14 35 20
14 36 22
14 37 19
14 38 21
14 39 12
14 40 15
14 41 18
14 42 15
14 43 18
14 44 22
14 45 15
14 46 19
14 47 19
14 48 22
14 49 22
15 16 22
15 17 14
15 18 14
15 19 22
15 20 17
15 21 23
15 22 25
15 23 25
15 24 18
15 25 22
15 26 21
15 27 20
15 28 23
15 29 21
15 30 20
15 31 19
15 32 16
15 33 20
15 34 19
15 35 18
15 36 21
15 37 22
15 38 18
15 39 22
15 40 16
15 41 20
15 42 15
15 43 25
15 44 21
15 45 21
15 46 18
15 47 17
15 48 22
15 49 25
16 17 16
16 18 22
16 19 26
16 20 16
16 21 16
16 22 21
16 23 20
16 24 20
16 25 26
16 26 17
16 27 15
16 28 23
16 29 19
16 30 17
16 31 23
16 32 21
16 33 22
16 34 22
16 35 19
16 36 19
16 37 20
16 38 22
16 39 19
16 40 18
16 41 17
16 42 18
16 43 14
16 44 18
16 45 15
16 46 16
16 47 20
16 48 22
16 49 17
17 18 20
17 19 18
17 20 24
17 21 21
17 22 23
17 23 17
17 24 23
17 25 13
17 26 21
17 27 13
17 28 22
17 29 22
17 30 21
17 31 18
17 32 20
17 33 24
17 34 15
17 35 17
17 36 22
17 37 17
17 38 19
17 39 24
17 40 21
17 41 20
17 42 16
17 43 16
17 44 17
17 45 20
17 46 18
17 47 13
17 48 19
17 49 15
18 19 22
18 20 22
18 21 21
18 22 23
18 23 21
18 24 18
18 25 18
18 26 22
18 27 24
18 28 25
18 29 25
18 30 20
18 31 17
18 32 21
18 33 22
18 34 20
18 35 25
18 36 18
18 37 23
18 38 25
18 39 21
18 40 24
18 41 17
18 42 19
18 43 19
18 44 21
18 45 22
18 46 19
18 47 18
18 48 22
18 49 20
19 20 19
19 21 21
19 22 22
19 23 18
19 24 23
19 25 22
19 26 24
19 27 21
19 28 18
19 29 17
19 30 22
19 31 23
19 32 22
19 33 24
19 34 15
19 35 17
19 36 23
19 37 18
19 38 18
19 39 22
19 40 14
19 41 16
19 42 21
19 43 21
19 44 19
19 45 14
19 46 10
19 47 19
19 48 13
19 49 16
20 21 21
20 22 23
20 23 20
20 24 26
20 25 21
20 26 21
20 27 20
20 28 20
20 29 19
20 30 15
20 31 18
20 32 18
20 33 18
20 34 18
20 35 15
20 36 15
20 37 21
20 38 19
20 39 19
20 40 23
20 41 19
20 42 27
20 43 13
20 44 14
20 45 24
20 46 20
20 47 23
20 48 21
20 49 21
21 22 19
21 23 16
21 24 20
21 25 17
21 26 21
21 27 20
21 28 15
21 29 21
21 30 22
21 31 15
21 32 21
21 33 17
21 34 20
21 35 18
21 36 16
21 37 16
21 38 24
21 39 20
21 40 22
21 41 22
21 42 18
21 43 18
21 44 19
21 45 24
21 46 20
21 47 17
21 48 22
21 49 18
22 23 21
22 24 21
22 25 24
22 26 20
22 27 23
22 28 23
22 29 24
22 30 15
22 31 18
22 32 17
22 33 21
22 34 19
22 35 23
22 36 24
22 37 13
22 38 16
22 39 22
22 40 19
22 41 19
22 42 27
22 43 15
22 44 20
22 45 24
22 46 22
22 47 23
22 48 15
22 49 21
23 24 17
23 25 24
23 26 18
23 27 17
23 28 20
23 29 19
23 30 21
23 31 20
23 32 19
23 33 23
23 34 17
23 35 16
23 36 21
23 37 23
23 38 21
23 39 22
23 40 17
23 41 21
23 42 17
23 43 22
23 44 24
23 45 19
23 46 19
23 47 21
23 48 20
23 49 25
24 25 22
24 26 19
24 27 22
24 28 21
24 29 22
24 30 19
24 31 20
24 32 16
24 33 19
24 34 20
24 35 20
24 36 23
24 37 18
24 38 20
24 39 13
24 40 20
24 41 16
24 42 17
24 43 21
24 44 11
24 45 21
24 46 21
24 47 27
24 48 20
24 49 23
25 26 21
25 27 15
25 28 20
25 29 18
25 30 26
25 31 18
25 32 22
25 33 18
25 34 18
25 35 15
25 36 16
25 37 24
25 38 20
25 39 23
25 40 17
25 41 18
25 42 25
25 43 19
25 44 23
25 45 18
25 46 20
25 47 24
25 48 26
25 49 14
26 27 14
26 28 22
26 29 21
26 30 24
26 31 21
26 32 16
26 33 23
26 34 16
26 35 18
26 36 16
26 37 23
26 38 19
26 39 15
26 40 20
26 41 21
26 42 20
26 43 14
26 44 18
26 45 22
26 46 16
26 47 21
26 48 20
26 49 22
27 28 23
27 29 18
27 30 20
27 31 17
27 32 17
27 33 17
27 34 18
27 35 19
27 36 18
27 37 20
27 38 22
27 39 23
27 40 19
27 41 15
27 42 17
27 43 22
27 44 20
27 45 22
27 46 20
27 47 22
27 48 21
27 49 18
28 29 20
28 30 21
28 31 17
28 32 18
28 33 19
28 34 13
28 35 27
28 36 23
28 37 16
28 38 17
28 39 26
28 40 15
28 41 18
28 42 18
28 43 21
28 44 17
28 45 20
28 46 22
28 47 13
28 48 17
28 49 17
29 30 19
29 31 21
29 32 11
29 33 17
29 34 14
29 35 17
29 36 21
29 37 16
29 38 23
29 39 19
29 40 19
29 41 20
29 42 15
29 43 21
29 44 11
29 45 19
29 46 19
29 47 26
29 48 20
29 49 21
30 31 20
30 32 19
30 33 18
30 34 18
30 35 21
30 36 19
30 37 21
30 38 20
30 39 20
30 40 21
30 41 20
30 42 19
30 43 21
30 44 23
30 45 26
30 46 19
30 47 16
30 48 18
30 49 18
31 32 17
31 33 21
31 34 18
31 35 17
31 36 24
31 37 15
31 38 22
31 39 22
31 40 14
31 41 18
31 42 21
31 43 21
31 44 23
31 45 25
31 46 19
31 47 24
31 48 21
31 49 21
32 33 18
32 34 17
32 35 15
32 36 24
32 37 20
32 38 26
32 39 21
32 40 20
32 41 19
32 42 17
32 43 20
32 44 15
32 45 17
32 46 17
32 47 20
32 48 25
32 49 25
33 34 16
33 35 20
33 36 23
33 37 25
33 38 21
33 39 21
33 40 20
33 41 22
33 42 18
33 43 15
33 44 19
33 45 19
33 46 19
33 47 15
33 48 18
33 49 24
34 35 18
34 36 24
34 37 26
34 38 22
34 39 16
34 40 17
34 41 17
34 42 18
34 43 14
34 44 26
34 45 22
34 46 14
34 47 21
34 48 19
34 49 23
35 36 19
35 37 24
35 38 21
35 39 16
35 40 22
35 41 22
35 42 25
35 43 26
35 44 17
35 45 17
35 46 17
35 47 18
35 48 19
35 49 13
36 37 23
36 38 17
36 39 22
36 40 17
36 41 19
36 42 21
36 43 20
36 44 24
36 45 19
36 46 21
36 47 21
36 48 18
36 49 16
37 38 22
37 39 18
37 40 23
37 41 24
37 42 17
37 43 18
37 44 26
37 45 15
37 46 17
37 47 19
37 48 18
37 49 19
38 39 18
38 40 21
38 41 18
38 42 18
38 43 17
38 44 25
38 45 18
38 46 19
38 47 25
38 48 23
38 49 22
39 40 23
39 41 14
39 42 18
39 43 22
39 44 19
39 45 17
39 46 20
39 47 28
39 48 19
39 49 19
40 41 17
40 42 19
40 43 20
40 44 15
40 45 19
40 46 25
40 47 18
40 48 24
40 49 20
41 42 21
41 43 20
41 44 24
41 45 15
41 46 19
41 47 21
41 48 21
41 49 22
42 43 21
42 44 20
42 45 27
42 46 21
42 47 15
42 48 23
42 49 20
43 44 24
43 45 20
43 46 18
43 47 20
43 48 19
43 49 22
44 45 20
44 46 19
44 47 26
44 48 14
44 49 21
45 46 18
45 47 21
45 48 17
45 49 20
46 47 18
46 48 26
46 49 19
47 48 19
47 49 14
48 49 18
