480
0 0 0 0
1 60 240 300
2 14 0 240
3 18 0 240
4 17 0 240
5 17 0 240
6 18 300 480
7 12 0 240
8 16 300 480
9 17 0 240
10 20 0 240
11 13 0 240
12 12 0 240
13 12 300 480
14 15 0 240
15 14 300 480
16 14 0 240
17 10 300 480
18 16 300 480
19 11 0 240
20 13 0 240
21 16 0 240
22 18 300 480
23 19 0 240
24 19 0 240
25 14 0 240
26 17 0 240
27 18 300 480
28 18 300 480
29 18 300 480
30 16 0 240
31 16 300 480
32 18 0 240
33 10 0 240
34 15 0 240
35 16 300 480
36 15 300 480
37 11 0 240
38 11 300 480
39 14 0 240
40 13 300 480
41 18 0 240
42 12 300 480
43 14 0 240
44 18 300 480
45 11 300 480
46 10 0 240
47 11 0 240
48 20 300 480
49 19 0 240
50 10 0 240
51 20 300 480
52 18 300 480
53 17 300 480
54 19 300 480
55 20 0 240
56 16 0 240
57 20 300 480
58 10 300 480
59 15 0 240
60 11 300 480
61 13 300 480
62 10 300 480
63 12 0 240
64 20 300 480
65 17 0 240
66 15 0 240
67 15 300 480
68 10 0 240
69 20 300 480
70 18 0 240
71 19 300 480
72 18 0 240
73 10 300 480
74 11 300 480
75 12 300 480
76 13 300 480
77 12 300 480
78 17 300 480
79 20 0 240
80 20 300 480
81 14 0 240
82 11 300 480
83 20 300 480
84 11 0 240
85 19 0 240
86 10 0 240
87 18 300 480
88 11 300 480
89 10 0 240
90 13 300 480
91 11 0 240
92 14 300 480
93 10 0 240
94 17 300 480
95 19 0 240
96 19 300 480
97 11 300 480
98 11 0 240
99 16 0 240
100 18 300 480
101 14 300 480
102 16 300 480
103 17 300 480
104 13 300 480
105 10 300 480
106 10 0 240
107 13 300 480
108 14 0 240
109 18 300 480
110 10 300 480
111 17 0 240
112 19 300 480
113 18 0 240
114 17 0 240
115 13 0 240
116 20 0 240
117 11 300 480
118 16 300 480
119 17 0 240
120 20 0 240
121 12 300 480
122 13 0 240
123 17 300 480
124 15 0 240
125 11 0 240
126 15 0 240
127 20 300 480
128 15 300 480
129 12 0 240
130 13 300 480
131 16 300 480
132 19 0 240
133 13 300 480
134 18 300 480
135 16 300 480
136 14 300 480
137 18 0 240
138 19 300 480
139 19 0 240
140 17 300 480
141 20 300 480
142 13 0 240
143 17 300 480
144 17 0 240
145 11 300 480
146 17 300 480
147 19 300 480
148 15 0 240
149 16 300 480
150 16 300 480
151 13 0 240
152 14 300 480
153 13 300 480
154 10 300 480
155 16 300 480
156 18 0 240
157 20 0 240
158 16 300 480
159 17 0 240
160 13 0 240
161 15 0 240
162 12 0 240
163 11 0 240
164 16 300 480
165 20 0 240
166 15 0 240
167 19 300 480
168 19 300 480
169 13 0 240
170 14 300 480
171 14 300 480
172 14 300 480
173 10 300 480
174 18 0 240
175 13 0 240
176 19 300 480
177 11 0 240
178 15 0 240
179 15 300 480
180 18 0 240
181 11 0 240
182 19 300 480
183 11 300 480
184 10 0 240
185 13 0 240
186 18 0 240
187 12 0 240
188 19 300 480
189 13 300 480
190 12 0 240
191 18 0 240
192 15 0 240
193 12 0 240
194 15 0 240
195 13 300 480
196 12 300 480
197 16 300 480
198 11 0 240
199 13 0 240
