540
0 0 0 0
1 60 300 360
2 14 90 111
3 18 11 32
4 17 371 382
5 17 272 287
6 18 21 39
7 12 203 240
8 16 21 69
9 17 204 239
10 20 340 365
11 13 106 116
12 12 345 356
13 12 224 239
14 15 110 144
15 14 392 436
16 14 67 110
17 10 211 227
18 16 110 154
19 11 458 486
20 13 506 531
21 16 419 436
22 18 467 480
23 19 483 528
24 19 215 241
25 14 493 521
26 17 3 52
27 18 350 396
28 18 343 366
29 18 27 75
30 16 347 372
31 16 322 367
32 18 509 520
33 10 391 410
34 15 176 218
35 16 162 204
36 15 51 84
37 11 206 250
38 11 433 481
39 14 445 479
40 13 494 522
41 18 379 408
42 12 437 480
43 14 96 118
44 18 200 249
45 11 352 366
46 10 407 435
47 11 520 539
48 20 316 341
49 19 442 488
50 10 224 244
51 20 402 446
52 18 407 448
53 17 465 515
54 19 28 61
55 20 150 184
56 16 272 298
57 20 428 453
58 10 229 250
59 15 225 273
60 11 339 352
61 13 173 216
62 10 250 293
63 12 119 137
64 20 87 125
65 17 302 312
66 15 494 542
67 15 211 248
68 10 388 430
69 20 364 382
70 18 338 365
71 19 459 491
72 18 158 198
73 10 91 127
74 11 422 456
75 12 84 134
76 13 363 383
77 12 430 474
78 17 350 388
79 20 54 75
80 20 381 401
81 14 153 168
82 11 190 202
83 20 304 324
84 11 60 100
85 19 318 333
86 10 367 405
87 18 369 410
88 11 1 24
89 10 455 476
90 13 175 221
91 11 21 44
92 14 487 524
93 10 176 196
94 17 87 97
95 19 457 489
96 19 226 246
97 11 183 206
98 11 252 300
99 16 490 532
100 18 36 51
101 14 160 206
102 16 482 519
103 17 514 525
104 13 96 132
105 10 327 372
106 10 277 312
107 13 420 460
108 14 71 83
109 18 368 409
110 10 439 482
111 17 291 333
112 19 479 495
113 18 68 82
114 17 29 66
115 13 320 331
116 20 325 340
117 11 321 336
118 16 61 93
119 17 501 540
120 20 31 41
121 12 501 537
122 13 136 177
123 17 294 336
124 15 521 560
125 11 18 42
126 15 265 292
127 20 522 547
128 15 231 246
129 12 71 104
130 13 109 141
131 16 203 225
132 19 19 60
133 13 106 132
134 18 303 316
135 16 87 112
136 14 441 463
137 18 145 194
138 19 350 392
139 19 408 451
140 17 228 238
141 20 208 218
142 13 467 500
143 17 29 46
144 17 89 109
145 11 24 53
146 17 209 224
147 19 402 428
148 15 13 60
149 16 453 485
150 16 291 316
151 13 60 76
152 14 397 446
153 13 212 239
154 10 486 528
155 16 482 526
156 18 124 160
157 20 64 75
158 16 204 235
159 17 502 546
160 13 399 436
161 15 253 285
162 12 516 550
163 11 216 256
164 16 97 146
165 20 255 271
166 15 187 234
167 19 436 476
168 19 315 358
169 13 103 139
170 14 167 207
171 14 363 397
172 14 225 259
173 10 298 309
174 18 471 508
175 13 319 354
176 19 393 417
177 11 349 388
178 15 331 372
179 15 163 205
180 18 107 126
181 11 120 168
182 19 139 177
183 11 79 125
184 10 269 304
185 13 289 338
186 18 497 547
187 12 492 530
188 19 274 293
189 13 76 123
190 12 268 298
191 18 283 297
192 15 105 135
193 12 214 246
194 15 520 550
195 13 152 162
196 12 98 110
197 16 8 46
198 11 49 91
199 13 109 124
