540
0 0 0 0
1 60 300 360
2 16 0 540
3 20 0 540
4 19 0 540
5 20 0 540
6 19 0 540
7 16 0 540
8 11 0 540
9 13 0 540
10 14 0 540
11 17 0 540
12 11 0 540
13 16 0 540
14 13 0 540
15 15 0 540
16 10 0 540
17 16 0 540
18 20 0 540
19 19 0 540
20 14 0 540
21 11 0 540
22 12 0 540
23 12 0 540
24 13 0 540
25 18 0 540
26 10 0 540
27 13 0 540
28 10 0 540
29 17 0 540
30 18 0 540
31 13 0 540
32 20 0 540
33 18 0 540
34 10 0 540
35 13 0 540
36 14 0 540
37 10 0 540
38 19 0 540
39 13 0 540
40 17 0 540
41 17 0 540
42 17 0 540
43 19 0 540
44 11 0 540
45 10 0 540
46 20 0 540
47 15 0 540
48 14 0 540
49 20 0 540
50 16 0 540
51 16 0 540
52 15 0 540
53 18 0 540
54 18 0 540
55 10 0 540
56 18 0 540
57 11 0 540
58 11 0 540
59 13 0 540
60 19 0 540
61 17 0 540
62 12 0 540
63 17 0 540
64 14 0 540
65 19 0 540
66 17 0 540
67 16 0 540
68 17 0 540
69 20 0 540
70 11 0 540
71 17 0 540
72 19 0 540
73 20 0 540
74 12 0 540
75 10 0 540
76 17 0 540
77 13 0 540
78 15 0 540
79 14 0 540
80 14 0 540
81 12 0 540
82 18 0 540
83 11 0 540
84 13 0 540
85 20 0 540
86 11 0 540
87 13 0 540
88 13 0 540
89 19 0 540
90 15 0 540
91 16 0 540
92 15 0 540
93 10 0 540
94 14 0 540
95 19 0 540
96 17 0 540
97 19 0 540
98 17 0 540
99 11 0 540
