540
0 0 0 0
1 60 300 360
2 16 425 460
3 20 60 89
4 19 335 352
5 20 285 323
6 19 280 293
7 16 490 505
8 11 519 543
9 13 251 264
10 14 477 515
11 17 308 326
12 11 431 472
13 16 38 53
14 13 433 443
15 15 1 11
16 10 220 265
17 16 392 425
18 20 206 239
19 19 60 72
20 14 210 258
21 11 172 185
22 12 352 396
23 12 174 193
24 13 475 504
25 18 325 362
26 10 193 210
27 13 470 517
28 10 342 379
29 17 16 29
30 18 445 483
31 13 285 299
32 20 230 255
33 18 404 438
34 10 448 468
35 13 266 303
36 14 250 291
37 10 290 304
38 19 281 300
39 13 57 78
40 17 200 233
41 17 288 305
42 17 338 369
43 19 43 82
44 11 246 290
45 10 124 172
46 20 461 473
47 15 399 439
48 14 161 211
49 20 58 69
50 16 175 208
51 16 353 395
52 15 422 456
53 18 210 250
54 18 95 130
55 10 203 224
56 18 509 542
57 11 34 79
58 11 421 462
59 13 418 457
60 19 328 352
61 17 280 302
62 12 280 329
63 17 424 460
64 14 332 360
65 19 481 498
66 17 344 354
67 16 354 394
68 17 335 376
69 20 338 384
70 11 359 372
71 17 209 242
72 19 429 478
73 20 417 445
74 12 132 170
75 10 512 522
76 17 39 64
77 13 432 442
78 15 504 517
79 14 277 299
80 14 482 525
81 12 389 437
82 18 195 224
83 11 243 269
84 13 260 307
85 20 30 45
86 11 40 76
87 13 306 321
88 13 387 422
89 19 303 338
90 15 45 65
91 16 482 493
92 15 165 210
93 10 381 426
94 14 132 179
95 19 90 139
96 17 381 415
97 19 368 394
98 17 95 128
99 11 211 240
