540
0 0 0 0
1 60 300 360
2 18 360 540
3 11 0 300
4 11 0 300
5 20 360 540
6 16 0 300
7 16 360 540
8 15 360 540
9 15 360 540
10 10 360 540
11 10 360 540
12 15 360 540
13 15 0 300
14 19 0 300
15 20 0 300
16 19 360 540
17 15 360 540
18 12 0 300
19 14 360 540
20 15 0 300
21 10 0 300
22 17 360 540
23 20 360 540
24 12 360 540
25 19 360 540
26 14 360 540
27 16 0 300
28 18 0 300
29 16 360 540
30 15 360 540
31 11 0 300
32 19 0 300
33 18 0 300
34 15 0 300
35 14 360 540
36 11 0 300
37 16 360 540
38 18 0 300
39 19 360 540
40 15 360 540
41 13 360 540
42 11 360 540
43 11 360 540
44 12 360 540
45 16 360 540
46 17 0 300
47 19 360 540
48 19 360 540
49 14 360 540
