480
0 0 0 0
1 60 240 300
2 19 0 240
3 20 0 240
4 14 300 480
5 20 0 240
6 17 0 240
7 12 300 480
8 13 300 480
9 17 300 480
10 20 0 240
11 18 0 240
12 18 0 240
13 11 0 240
14 14 0 240
15 13 0 240
16 17 300 480
17 16 300 480
18 17 300 480
19 16 300 480
20 11 300 480
21 19 300 480
22 12 300 480
23 15 300 480
24 17 300 480
25 20 300 480
26 13 0 240
27 13 300 480
28 15 0 240
29 18 0 240
30 10 0 240
31 11 0 240
32 14 0 240
33 15 0 240
34 17 0 240
35 12 300 480
36 11 300 480
37 17 300 480
38 15 0 240
39 12 0 240
40 16 0 240
41 20 300 480
42 17 300 480
43 17 300 480
44 15 300 480
45 13 0 240
46 11 0 240
47 20 300 480
48 15 0 240
49 20 300 480
50 16 300 480
51 16 300 480
52 18 300 480
53 18 0 240
54 20 0 240
55 19 300 480
56 20 300 480
57 17 0 240
58 13 300 480
59 11 300 480
60 18 0 240
61 20 0 240
62 17 300 480
63 10 300 480
64 18 300 480
65 12 300 480
66 17 0 240
67 18 300 480
68 14 0 240
69 15 300 480
70 13 0 240
71 18 0 240
72 15 0 240
73 19 300 480
74 14 0 240
75 13 0 240
76 11 0 240
77 10 0 240
78 14 300 480
79 16 300 480
80 12 0 240
81 11 300 480
82 20 0 240
83 11 0 240
84 17 300 480
85 16 0 240
86 19 300 480
87 14 300 480
88 10 0 240
89 17 0 240
90 18 0 240
91 18 300 480
92 18 0 240
93 16 0 240
94 18 0 240
95 11 300 480
96 13 0 240
97 10 0 240
98 18 0 240
99 12 300 480
100 11 300 480
101 16 0 240
102 13 300 480
103 17 300 480
104 10 0 240
105 19 0 240
106 18 0 240
107 12 0 240
108 18 0 240
109 20 300 480
110 17 300 480
111 10 300 480
112 16 300 480
113 10 300 480
114 12 0 240
115 15 0 240
116 11 300 480
117 17 0 240
118 14 0 240
119 16 300 480
120 20 0 240
121 20 0 240
122 12 300 480
123 15 300 480
124 13 0 240
125 15 0 240
126 11 0 240
127 16 0 240
128 10 300 480
129 11 300 480
130 20 300 480
131 11 300 480
132 20 300 480
133 20 0 240
134 20 300 480
135 17 300 480
136 17 300 480
137 13 0 240
138 17 300 480
139 11 300 480
140 16 300 480
141 12 300 480
142 12 0 240
143 14 300 480
144 15 300 480
145 19 0 240
146 14 300 480
147 17 0 240
148 18 300 480
149 14 0 240
150 10 0 240
151 12 0 240
152 17 0 240
153 15 0 240
154 17 300 480
155 19 0 240
156 19 0 240
157 19 0 240
158 15 300 480
159 15 0 240
160 15 0 240
161 11 0 240
162 17 0 240
163 14 300 480
164 13 300 480
165 12 0 240
166 16 0 240
167 12 300 480
168 14 0 240
169 10 0 240
170 16 0 240
171 15 300 480
172 19 300 480
173 14 300 480
174 18 300 480
175 14 0 240
176 17 300 480
177 11 0 240
178 18 0 240
179 11 300 480
180 12 300 480
181 13 300 480
182 11 0 240
183 16 0 240
184 15 0 240
185 13 300 480
186 20 0 240
187 15 0 240
188 17 0 240
189 12 300 480
190 10 0 240
191 10 0 240
192 19 300 480
193 15 300 480
194 17 0 240
195 12 0 240
196 13 0 240
197 13 300 480
198 16 0 240
199 12 300 480
200 15 0 240
201 18 0 240
202 13 300 480
203 14 0 240
204 10 0 240
205 12 0 240
206 17 0 240
207 11 0 240
208 12 300 480
209 17 300 480
210 18 0 240
211 15 300 480
212 14 300 480
213 15 300 480
214 18 0 240
215 13 0 240
216 19 0 240
217 20 300 480
218 20 0 240
219 12 300 480
220 19 300 480
221 15 0 240
222 14 300 480
223 17 0 240
224 18 300 480
225 17 0 240
226 13 300 480
227 19 0 240
228 18 0 240
229 18 300 480
230 10 300 480
231 15 300 480
232 10 300 480
233 13 0 240
234 16 300 480
235 13 0 240
236 20 300 480
237 18 0 240
238 12 300 480
239 13 0 240
240 19 0 240
241 10 300 480
242 13 0 240
243 19 0 240
244 13 0 240
245 11 300 480
246 14 0 240
247 12 300 480
248 19 300 480
249 18 0 240
250 19 0 240
251 19 0 240
252 18 300 480
253 11 300 480
254 12 0 240
255 17 300 480
256 10 0 240
257 17 300 480
258 13 0 240
259 11 0 240
260 13 300 480
261 15 300 480
262 20 300 480
263 13 0 240
264 11 0 240
265 20 0 240
266 19 300 480
267 20 0 240
268 13 0 240
269 11 300 480
270 16 0 240
271 14 300 480
272 12 0 240
273 17 0 240
274 19 0 240
275 19 300 480
276 19 0 240
277 14 300 480
278 12 0 240
279 15 0 240
280 18 300 480
281 10 0 240
282 15 300 480
283 12 0 240
284 19 0 240
285 14 0 240
286 12 300 480
287 19 300 480
288 15 300 480
289 11 0 240
290 14 300 480
291 18 0 240
292 15 300 480
293 17 300 480
294 13 300 480
295 15 0 240
296 13 300 480
297 19 0 240
298 15 300 480
299 12 300 480
300 19 300 480
301 17 0 240
302 12 300 480
303 10 300 480
304 17 0 240
305 13 0 240
306 17 300 480
307 17 0 240
308 17 0 240
309 20 0 240
310 10 300 480
311 11 0 240
312 11 0 240
313 16 300 480
314 18 300 480
315 11 300 480
316 16 300 480
317 11 0 240
318 10 300 480
319 15 0 240
320 17 300 480
321 17 0 240
322 17 300 480
323 17 0 240
324 14 300 480
325 13 300 480
326 18 300 480
327 20 0 240
328 11 300 480
329 14 0 240
330 10 300 480
331 10 300 480
332 13 300 480
333 14 300 480
334 15 300 480
335 19 300 480
336 20 0 240
337 17 300 480
338 19 0 240
339 12 0 240
340 10 300 480
341 10 300 480
342 19 300 480
343 14 0 240
344 15 0 240
345 17 0 240
346 10 0 240
347 19 300 480
348 17 300 480
349 20 0 240
350 13 0 240
351 12 0 240
352 12 300 480
353 16 0 240
354 15 300 480
355 15 300 480
356 12 300 480
357 12 300 480
358 20 300 480
359 13 300 480
360 19 300 480
361 15 0 240
362 11 300 480
363 17 0 240
364 14 300 480
365 20 0 240
366 16 300 480
367 15 0 240
368 13 300 480
369 12 300 480
370 15 0 240
371 20 0 240
372 11 0 240
373 18 300 480
374 16 0 240
375 12 300 480
376 11 300 480
377 20 300 480
378 19 0 240
379 15 300 480
380 19 0 240
381 19 0 240
382 17 300 480
383 10 300 480
384 16 300 480
385 12 300 480
386 17 0 240
387 13 0 240
388 15 300 480
389 18 300 480
390 11 0 240
391 13 300 480
392 15 300 480
393 14 0 240
394 13 300 480
395 19 300 480
396 13 0 240
397 13 300 480
398 11 0 240
399 12 300 480
400 10 0 240
401 20 300 480
402 17 0 240
403 10 300 480
404 10 300 480
405 14 300 480
406 10 0 240
407 17 300 480
408 18 300 480
409 10 0 240
410 14 0 240
411 12 300 480
412 17 0 240
413 17 300 480
414 14 0 240
415 12 300 480
416 14 300 480
417 13 0 240
418 18 300 480
419 14 0 240
420 12 0 240
421 18 0 240
422 14 0 240
423 15 0 240
424 12 0 240
425 17 300 480
426 16 0 240
427 18 0 240
428 11 0 240
429 20 300 480
430 10 300 480
431 14 0 240
432 13 0 240
433 16 0 240
434 12 300 480
435 12 0 240
436 18 300 480
437 13 300 480
438 15 0 240
439 18 0 240
440 10 300 480
441 13 0 240
442 10 300 480
443 10 0 240
444 19 0 240
445 17 0 240
446 11 0 240
447 16 300 480
448 13 0 240
449 17 0 240
450 14 300 480
451 20 300 480
452 14 300 480
453 12 300 480
454 12 300 480
455 13 300 480
456 12 0 240
457 10 300 480
458 12 0 240
459 13 300 480
460 13 0 240
461 15 300 480
462 17 0 240
463 17 300 480
464 20 0 240
465 16 300 480
466 10 0 240
467 10 300 480
468 10 0 240
469 11 0 240
470 12 300 480
471 17 0 240
472 16 0 240
473 19 300 480
474 20 0 240
475 10 0 240
476 12 300 480
477 19 0 240
478 12 300 480
479 10 300 480
480 20 0 240
481 20 0 240
482 20 0 240
483 12 0 240
484 10 0 240
485 11 300 480
486 14 300 480
487 20 300 480
488 12 0 240
489 18 0 240
490 15 300 480
491 15 300 480
492 14 0 240
493 14 0 240
494 12 300 480
495 19 300 480
496 16 0 240
497 10 300 480
498 12 0 240
499 20 300 480
