480
0 0 0 0
1 60 240 300
2 17 0 480
3 16 0 480
4 12 0 480
5 19 0 480
6 19 0 480
7 17 0 480
8 19 0 480
9 19 0 480
10 16 0 480
11 14 0 480
12 15 0 480
13 19 0 480
14 11 0 480
15 19 0 480
16 19 0 480
17 16 0 480
18 17 0 480
19 19 0 480
20 11 0 480
21 14 0 480
22 18 0 480
23 18 0 480
24 17 0 480
25 11 0 480
26 18 0 480
27 18 0 480
28 13 0 480
29 12 0 480
30 17 0 480
31 11 0 480
32 15 0 480
33 10 0 480
34 16 0 480
35 16 0 480
36 17 0 480
37 19 0 480
38 19 0 480
39 16 0 480
40 10 0 480
41 17 0 480
42 13 0 480
43 19 0 480
44 10 0 480
45 16 0 480
46 10 0 480
47 20 0 480
48 13 0 480
49 13 0 480
50 19 0 480
51 15 0 480
52 11 0 480
53 17 0 480
54 10 0 480
55 19 0 480
56 20 0 480
57 19 0 480
58 10 0 480
59 13 0 480
60 20 0 480
61 10 0 480
62 18 0 480
63 17 0 480
64 15 0 480
65 18 0 480
66 16 0 480
67 12 0 480
68 16 0 480
69 20 0 480
70 11 0 480
71 10 0 480
72 11 0 480
73 15 0 480
74 13 0 480
75 16 0 480
76 17 0 480
77 14 0 480
78 11 0 480
79 20 0 480
80 12 0 480
81 19 0 480
82 17 0 480
83 14 0 480
84 13 0 480
85 16 0 480
86 19 0 480
87 14 0 480
88 15 0 480
89 20 0 480
90 16 0 480
91 13 0 480
92 12 0 480
93 17 0 480
94 10 0 480
95 20 0 480
96 12 0 480
97 18 0 480
98 13 0 480
99 11 0 480
100 14 0 480
101 12 0 480
102 14 0 480
103 20 0 480
104 12 0 480
105 12 0 480
106 16 0 480
107 15 0 480
108 15 0 480
109 17 0 480
110 18 0 480
111 14 0 480
112 10 0 480
113 10 0 480
114 18 0 480
115 19 0 480
116 14 0 480
117 14 0 480
118 17 0 480
119 18 0 480
120 11 0 480
121 14 0 480
122 16 0 480
123 15 0 480
124 19 0 480
125 15 0 480
126 16 0 480
127 19 0 480
128 11 0 480
129 12 0 480
130 19 0 480
131 14 0 480
132 16 0 480
133 12 0 480
134 18 0 480
135 12 0 480
136 17 0 480
137 19 0 480
138 15 0 480
139 11 0 480
140 15 0 480
141 10 0 480
142 18 0 480
143 13 0 480
144 15 0 480
145 15 0 480
146 19 0 480
147 14 0 480
148 15 0 480
149 17 0 480
150 10 0 480
151 16 0 480
152 11 0 480
153 17 0 480
154 10 0 480
155 12 0 480
156 12 0 480
157 11 0 480
158 18 0 480
159 17 0 480
160 15 0 480
161 16 0 480
162 13 0 480
163 14 0 480
164 13 0 480
165 16 0 480
166 14 0 480
167 17 0 480
168 11 0 480
169 19 0 480
170 18 0 480
171 16 0 480
172 20 0 480
173 12 0 480
174 15 0 480
175 16 0 480
176 12 0 480
177 16 0 480
178 11 0 480
179 13 0 480
180 16 0 480
181 20 0 480
182 18 0 480
183 16 0 480
184 18 0 480
185 15 0 480
186 13 0 480
187 12 0 480
188 20 0 480
189 12 0 480
190 17 0 480
191 13 0 480
192 11 0 480
193 11 0 480
194 15 0 480
195 19 0 480
196 12 0 480
197 11 0 480
198 18 0 480
199 16 0 480
200 11 0 480
201 12 0 480
202 13 0 480
203 17 0 480
204 14 0 480
205 10 0 480
206 18 0 480
207 19 0 480
208 14 0 480
209 16 0 480
210 18 0 480
211 18 0 480
212 19 0 480
213 15 0 480
214 18 0 480
215 16 0 480
216 15 0 480
217 12 0 480
218 10 0 480
219 10 0 480
220 20 0 480
221 11 0 480
222 11 0 480
223 17 0 480
224 18 0 480
225 14 0 480
226 12 0 480
227 17 0 480
228 11 0 480
229 20 0 480
230 12 0 480
231 19 0 480
232 20 0 480
233 18 0 480
234 18 0 480
235 18 0 480
236 20 0 480
237 18 0 480
238 14 0 480
239 20 0 480
240 17 0 480
241 10 0 480
242 14 0 480
243 10 0 480
244 17 0 480
245 17 0 480
246 18 0 480
247 16 0 480
248 14 0 480
249 16 0 480
250 20 0 480
251 14 0 480
252 14 0 480
253 19 0 480
254 16 0 480
255 20 0 480
256 16 0 480
257 10 0 480
258 10 0 480
259 15 0 480
260 16 0 480
261 15 0 480
262 15 0 480
263 16 0 480
264 11 0 480
265 20 0 480
266 16 0 480
267 12 0 480
268 20 0 480
269 12 0 480
270 12 0 480
271 17 0 480
272 18 0 480
273 13 0 480
274 20 0 480
275 17 0 480
276 19 0 480
277 19 0 480
278 20 0 480
279 20 0 480
280 12 0 480
281 18 0 480
282 14 0 480
283 17 0 480
284 12 0 480
285 14 0 480
286 18 0 480
287 11 0 480
288 15 0 480
289 11 0 480
290 14 0 480
291 16 0 480
292 14 0 480
293 20 0 480
294 17 0 480
295 11 0 480
296 14 0 480
297 11 0 480
298 15 0 480
299 19 0 480
300 17 0 480
301 15 0 480
302 13 0 480
303 16 0 480
304 11 0 480
305 11 0 480
306 20 0 480
307 15 0 480
308 19 0 480
309 14 0 480
310 11 0 480
311 17 0 480
312 20 0 480
313 20 0 480
314 12 0 480
315 13 0 480
316 19 0 480
317 19 0 480
318 16 0 480
319 17 0 480
320 10 0 480
321 13 0 480
322 10 0 480
323 20 0 480
324 16 0 480
325 13 0 480
326 12 0 480
327 18 0 480
328 11 0 480
329 12 0 480
330 15 0 480
331 16 0 480
332 11 0 480
333 13 0 480
334 13 0 480
335 18 0 480
336 15 0 480
337 19 0 480
338 18 0 480
339 11 0 480
340 17 0 480
341 13 0 480
342 15 0 480
343 14 0 480
344 13 0 480
345 13 0 480
346 10 0 480
347 12 0 480
348 18 0 480
349 12 0 480
350 10 0 480
351 14 0 480
352 18 0 480
353 12 0 480
354 18 0 480
355 18 0 480
356 11 0 480
357 13 0 480
358 17 0 480
359 10 0 480
360 10 0 480
361 14 0 480
362 13 0 480
363 14 0 480
364 10 0 480
365 11 0 480
366 20 0 480
367 11 0 480
368 13 0 480
369 11 0 480
370 15 0 480
371 19 0 480
372 19 0 480
373 15 0 480
374 11 0 480
375 16 0 480
376 15 0 480
377 16 0 480
378 14 0 480
379 20 0 480
380 16 0 480
381 20 0 480
382 18 0 480
383 18 0 480
384 17 0 480
385 13 0 480
386 11 0 480
387 17 0 480
388 18 0 480
389 15 0 480
390 16 0 480
391 16 0 480
392 17 0 480
393 16 0 480
394 17 0 480
395 12 0 480
396 19 0 480
397 18 0 480
398 18 0 480
399 11 0 480
400 19 0 480
401 13 0 480
402 16 0 480
403 11 0 480
404 13 0 480
405 12 0 480
406 15 0 480
407 19 0 480
408 19 0 480
409 19 0 480
410 10 0 480
411 18 0 480
412 11 0 480
413 14 0 480
414 14 0 480
415 15 0 480
416 14 0 480
417 17 0 480
418 20 0 480
419 11 0 480
420 13 0 480
421 20 0 480
422 10 0 480
423 19 0 480
424 12 0 480
425 13 0 480
426 11 0 480
427 11 0 480
428 10 0 480
429 12 0 480
430 10 0 480
431 11 0 480
432 11 0 480
433 19 0 480
434 17 0 480
435 12 0 480
436 14 0 480
437 10 0 480
438 15 0 480
439 15 0 480
440 20 0 480
441 20 0 480
442 11 0 480
443 10 0 480
444 14 0 480
445 10 0 480
446 14 0 480
447 10 0 480
448 11 0 480
449 15 0 480
450 19 0 480
451 15 0 480
452 15 0 480
453 14 0 480
454 19 0 480
455 16 0 480
456 14 0 480
457 17 0 480
458 16 0 480
459 17 0 480
460 16 0 480
461 16 0 480
462 18 0 480
463 12 0 480
464 10 0 480
465 10 0 480
466 19 0 480
467 18 0 480
468 15 0 480
469 13 0 480
470 13 0 480
471 18 0 480
472 15 0 480
473 19 0 480
474 20 0 480
475 15 0 480
476 20 0 480
477 12 0 480
478 17 0 480
479 16 0 480
480 13 0 480
481 20 0 480
482 14 0 480
483 13 0 480
484 11 0 480
485 17 0 480
486 18 0 480
487 20 0 480
488 16 0 480
489 15 0 480
490 13 0 480
491 15 0 480
492 15 0 480
493 17 0 480
494 15 0 480
495 12 0 480
496 13 0 480
497 15 0 480
498 17 0 480
499 15 0 480
500 17 0 480
501 14 0 480
502 13 0 480
503 11 0 480
504 10 0 480
505 19 0 480
506 19 0 480
507 20 0 480
508 13 0 480
509 17 0 480
510 11 0 480
511 11 0 480
512 14 0 480
513 10 0 480
514 10 0 480
515 18 0 480
516 14 0 480
517 15 0 480
518 18 0 480
519 16 0 480
520 12 0 480
521 11 0 480
522 12 0 480
523 14 0 480
524 17 0 480
525 12 0 480
526 18 0 480
527 16 0 480
528 19 0 480
529 12 0 480
530 15 0 480
531 19 0 480
532 15 0 480
533 13 0 480
534 12 0 480
535 18 0 480
536 14 0 480
537 17 0 480
538 15 0 480
539 13 0 480
540 19 0 480
541 14 0 480
542 19 0 480
543 10 0 480
544 11 0 480
545 12 0 480
546 18 0 480
547 10 0 480
548 16 0 480
549 14 0 480
550 16 0 480
551 12 0 480
552 14 0 480
553 12 0 480
554 15 0 480
555 17 0 480
556 11 0 480
557 16 0 480
558 17 0 480
559 15 0 480
560 16 0 480
561 19 0 480
562 13 0 480
563 17 0 480
564 10 0 480
565 12 0 480
566 20 0 480
567 12 0 480
568 12 0 480
569 20 0 480
570 20 0 480
571 16 0 480
572 15 0 480
573 12 0 480
574 19 0 480
575 18 0 480
576 10 0 480
577 13 0 480
578 16 0 480
579 12 0 480
580 13 0 480
581 15 0 480
582 20 0 480
583 14 0 480
584 19 0 480
585 16 0 480
586 13 0 480
587 19 0 480
588 19 0 480
589 12 0 480
590 12 0 480
591 12 0 480
592 13 0 480
593 19 0 480
594 12 0 480
595 20 0 480
596 16 0 480
597 19 0 480
598 15 0 480
599 20 0 480
600 16 0 480
601 15 0 480
602 20 0 480
603 17 0 480
604 19 0 480
605 20 0 480
606 18 0 480
607 14 0 480
608 20 0 480
609 18 0 480
610 12 0 480
611 12 0 480
612 11 0 480
613 14 0 480
614 19 0 480
615 12 0 480
616 18 0 480
617 10 0 480
618 19 0 480
619 16 0 480
620 10 0 480
621 19 0 480
622 16 0 480
623 20 0 480
624 12 0 480
625 20 0 480
626 13 0 480
627 20 0 480
628 19 0 480
629 12 0 480
630 17 0 480
631 15 0 480
632 13 0 480
633 16 0 480
634 15 0 480
635 10 0 480
636 11 0 480
637 13 0 480
638 11 0 480
639 17 0 480
640 20 0 480
641 13 0 480
642 20 0 480
643 20 0 480
644 11 0 480
645 10 0 480
646 12 0 480
647 17 0 480
648 10 0 480
649 10 0 480
650 20 0 480
651 18 0 480
652 15 0 480
653 15 0 480
654 20 0 480
655 15 0 480
656 10 0 480
657 11 0 480
658 13 0 480
659 12 0 480
660 14 0 480
661 13 0 480
662 11 0 480
663 11 0 480
664 10 0 480
665 12 0 480
666 13 0 480
667 14 0 480
668 14 0 480
669 12 0 480
670 12 0 480
671 11 0 480
672 10 0 480
673 12 0 480
674 11 0 480
675 10 0 480
676 13 0 480
677 14 0 480
678 10 0 480
679 14 0 480
680 18 0 480
681 16 0 480
682 11 0 480
683 10 0 480
684 17 0 480
685 14 0 480
686 17 0 480
687 13 0 480
688 19 0 480
689 20 0 480
690 20 0 480
691 13 0 480
692 18 0 480
693 17 0 480
694 19 0 480
695 17 0 480
696 12 0 480
697 11 0 480
698 20 0 480
699 15 0 480
700 14 0 480
701 10 0 480
702 14 0 480
703 10 0 480
704 11 0 480
705 14 0 480
706 17 0 480
707 13 0 480
708 19 0 480
709 17 0 480
710 12 0 480
711 17 0 480
712 18 0 480
713 13 0 480
714 12 0 480
715 10 0 480
716 11 0 480
717 20 0 480
718 11 0 480
719 10 0 480
720 20 0 480
721 20 0 480
722 12 0 480
723 11 0 480
724 13 0 480
725 15 0 480
726 10 0 480
727 18 0 480
728 14 0 480
729 18 0 480
730 19 0 480
731 18 0 480
732 19 0 480
733 12 0 480
734 15 0 480
735 14 0 480
736 14 0 480
737 16 0 480
738 20 0 480
739 13 0 480
740 10 0 480
741 19 0 480
742 14 0 480
743 18 0 480
744 16 0 480
745 16 0 480
746 10 0 480
747 10 0 480
748 11 0 480
749 16 0 480
750 14 0 480
751 15 0 480
752 12 0 480
753 16 0 480
754 10 0 480
755 10 0 480
756 17 0 480
757 15 0 480
758 19 0 480
759 14 0 480
760 16 0 480
761 16 0 480
762 14 0 480
763 20 0 480
764 16 0 480
765 18 0 480
766 12 0 480
767 20 0 480
768 19 0 480
769 15 0 480
770 10 0 480
771 18 0 480
772 18 0 480
773 16 0 480
774 12 0 480
775 11 0 480
776 16 0 480
777 11 0 480
778 11 0 480
779 19 0 480
780 15 0 480
781 13 0 480
782 20 0 480
783 20 0 480
784 17 0 480
785 20 0 480
786 10 0 480
787 11 0 480
788 16 0 480
789 15 0 480
790 18 0 480
791 10 0 480
792 19 0 480
793 19 0 480
794 14 0 480
795 18 0 480
796 11 0 480
797 17 0 480
798 19 0 480
799 17 0 480
800 17 0 480
801 13 0 480
802 20 0 480
803 19 0 480
804 12 0 480
805 18 0 480
806 13 0 480
807 16 0 480
808 16 0 480
809 12 0 480
810 11 0 480
811 12 0 480
812 19 0 480
813 11 0 480
814 10 0 480
815 17 0 480
816 10 0 480
817 11 0 480
818 12 0 480
819 14 0 480
820 19 0 480
821 18 0 480
822 12 0 480
823 17 0 480
824 11 0 480
825 14 0 480
826 19 0 480
827 16 0 480
828 15 0 480
829 13 0 480
830 11 0 480
831 12 0 480
832 14 0 480
833 11 0 480
834 19 0 480
835 14 0 480
836 16 0 480
837 14 0 480
838 11 0 480
839 16 0 480
840 10 0 480
841 20 0 480
842 15 0 480
843 17 0 480
844 19 0 480
845 16 0 480
846 20 0 480
847 10 0 480
848 18 0 480
849 14 0 480
850 11 0 480
851 12 0 480
852 10 0 480
853 16 0 480
854 16 0 480
855 20 0 480
856 19 0 480
857 18 0 480
858 18 0 480
859 19 0 480
860 14 0 480
861 12 0 480
862 15 0 480
863 13 0 480
864 16 0 480
865 13 0 480
866 12 0 480
867 12 0 480
868 16 0 480
869 13 0 480
870 20 0 480
871 14 0 480
872 16 0 480
873 14 0 480
874 10 0 480
875 18 0 480
876 18 0 480
877 10 0 480
878 18 0 480
879 19 0 480
880 10 0 480
881 15 0 480
882 11 0 480
883 11 0 480
884 12 0 480
885 13 0 480
886 15 0 480
887 16 0 480
888 10 0 480
889 15 0 480
890 18 0 480
891 12 0 480
892 18 0 480
893 16 0 480
894 10 0 480
895 18 0 480
896 15 0 480
897 10 0 480
898 15 0 480
899 11 0 480
900 13 0 480
901 19 0 480
902 18 0 480
903 13 0 480
904 20 0 480
905 14 0 480
906 16 0 480
907 19 0 480
908 13 0 480
909 19 0 480
910 11 0 480
911 14 0 480
912 19 0 480
913 10 0 480
914 17 0 480
915 20 0 480
916 18 0 480
917 17 0 480
918 15 0 480
919 12 0 480
920 20 0 480
921 18 0 480
922 10 0 480
923 20 0 480
924 14 0 480
925 13 0 480
926 11 0 480
927 16 0 480
928 17 0 480
929 12 0 480
930 11 0 480
931 14 0 480
932 18 0 480
933 16 0 480
934 17 0 480
935 16 0 480
936 12 0 480
937 10 0 480
938 10 0 480
939 12 0 480
940 10 0 480
941 15 0 480
942 11 0 480
943 16 0 480
944 17 0 480
945 20 0 480
946 20 0 480
947 13 0 480
948 17 0 480
949 10 0 480
950 16 0 480
951 14 0 480
952 11 0 480
953 13 0 480
954 20 0 480
955 14 0 480
956 13 0 480
957 17 0 480
958 10 0 480
959 12 0 480
960 20 0 480
961 17 0 480
962 13 0 480
963 14 0 480
964 13 0 480
965 10 0 480
966 20 0 480
967 11 0 480
968 11 0 480
969 17 0 480
970 10 0 480
971 11 0 480
972 16 0 480
973 14 0 480
974 12 0 480
975 19 0 480
976 18 0 480
977 13 0 480
978 12 0 480
979 15 0 480
980 17 0 480
981 15 0 480
982 20 0 480
983 20 0 480
984 12 0 480
985 17 0 480
986 14 0 480
987 16 0 480
988 19 0 480
989 19 0 480
990 12 0 480
991 11 0 480
992 12 0 480
993 14 0 480
994 16 0 480
995 10 0 480
996 10 0 480
997 15 0 480
998 16 0 480
999 12 0 480
