480
0 0 0 0
1 60 240 300
2 17 105 136
3 16 349 392
4 12 412 427
5 19 221 254
6 19 454 496
7 17 408 435
8 19 346 370
9 19 218 250
10 16 25 71
11 14 37 82
12 15 376 422
13 19 53 80
14 11 321 370
15 19 227 256
16 19 211 249
17 16 279 301
18 17 151 178
19 19 228 242
20 11 209 243
21 14 433 462
22 18 49 92
23 18 210 222
24 17 160 171
25 11 241 287
26 18 67 111
27 18 423 456
28 13 46 80
29 12 96 131
30 17 68 116
31 11 122 156
32 15 133 183
33 10 450 469
34 16 265 305
35 16 88 129
36 17 384 396
37 19 215 259
38 19 445 490
39 16 268 309
40 10 374 398
41 17 437 449
42 13 375 404
43 19 33 76
44 10 309 348
45 16 438 465
46 10 166 181
47 20 76 117
48 13 451 467
49 13 116 147
50 19 459 473
51 15 162 202
52 11 438 466
53 17 277 300
54 10 326 336
55 19 364 374
56 20 278 317
57 19 285 308
58 10 178 227
59 13 294 308
60 20 45 63
61 10 463 495
62 18 306 343
63 17 82 126
64 15 265 285
65 18 243 266
66 16 134 168
67 12 140 153
68 16 102 118
69 20 158 185
70 11 252 293
71 10 100 147
72 11 430 443
73 15 53 69
74 13 73 101
75 16 364 410
76 17 69 115
77 14 108 146
78 11 222 250
79 20 37 62
80 12 131 173
81 19 94 112
82 17 262 292
83 14 96 127
84 13 11 21
85 16 368 402
86 19 312 348
87 14 290 308
88 15 295 322
89 20 95 111
90 16 394 426
91 13 147 164
92 12 222 244
93 17 147 166
94 10 283 312
95 20 74 108
96 12 110 136
97 18 187 235
98 13 301 338
99 11 444 482
100 14 356 379
101 12 278 305
102 14 159 188
103 20 329 360
104 12 343 391
105 12 437 482
106 16 464 499
107 15 383 420
108 15 357 398
109 17 434 478
110 18 157 187
111 14 382 423
112 10 0 23
113 10 390 407
114 18 43 85
115 19 358 387
116 14 190 240
117 14 316 331
118 17 30 59
119 18 214 227
120 11 240 259
121 14 256 285
122 16 391 420
123 15 298 317
124 19 52 84
125 15 137 164
126 16 57 80
127 19 128 155
128 11 346 393
129 12 331 356
130 19 50 80
131 14 191 240
132 16 149 187
133 12 147 159
134 18 198 223
135 12 112 148
136 17 418 454
137 19 390 435
138 15 250 262
139 11 151 185
140 15 452 477
141 10 110 144
142 18 429 445
143 13 227 276
144 15 181 205
145 15 76 113
146 19 92 130
147 14 7 23
148 15 411 436
149 17 159 201
150 10 62 108
151 16 147 189
152 11 84 122
153 17 379 429
154 10 12 52
155 12 229 249
156 12 325 346
157 11 163 206
158 18 93 126
159 17 158 202
160 15 115 162
161 16 15 34
162 13 234 246
163 14 302 327
164 13 415 428
165 16 176 217
166 14 188 237
167 17 364 408
168 11 415 465
169 19 37 62
170 18 160 193
171 16 263 285
172 20 232 262
173 12 164 184
174 15 431 452
175 16 111 123
176 12 258 276
177 16 443 479
178 11 225 270
179 13 216 235
180 16 358 399
181 20 149 187
182 18 30 50
183 16 221 232
184 18 246 279
185 15 20 52
186 13 375 413
187 12 365 396
188 20 91 105
189 12 354 400
190 17 81 111
191 13 124 148
192 11 66 99
193 11 394 420
194 15 87 109
195 19 178 220
196 12 165 207
197 11 16 39
198 18 115 136
199 16 335 372
200 11 258 292
201 12 272 317
202 13 113 156
203 17 285 301
204 14 102 130
205 10 62 94
206 18 116 147
207 19 71 107
208 14 352 401
209 16 201 218
210 18 17 35
211 18 399 424
212 19 373 409
213 15 42 76
214 18 244 277
215 16 169 195
216 15 167 194
217 12 154 169
218 10 298 317
219 10 230 241
220 20 244 268
221 11 198 240
222 11 200 231
223 17 185 233
224 18 301 315
225 14 304 345
226 12 132 156
227 17 296 336
228 11 430 454
229 20 197 239
230 12 382 406
231 19 336 372
232 20 345 378
233 18 384 430
234 18 434 473
235 18 242 269
236 20 46 62
237 18 65 91
238 14 233 277
239 20 297 307
240 17 27 75
241 10 324 370
242 14 176 221
243 10 11 36
244 17 315 349
245 17 383 431
246 18 177 209
247 16 62 109
248 14 432 452
249 16 91 108
250 20 30 73
251 14 69 102
252 14 378 409
253 19 51 97
254 16 143 155
255 20 29 71
256 16 380 419
257 10 52 92
258 10 65 109
259 15 85 131
260 16 375 420
261 15 363 404
262 15 427 452
263 16 247 274
264 11 30 80
265 20 135 159
266 16 378 390
267 12 363 405
268 20 59 76
269 12 330 341
270 12 164 205
271 17 180 223
272 18 323 333
273 13 308 322
274 20 86 100
275 17 403 448
276 19 315 354
277 19 174 211
278 20 106 120
279 20 278 288
280 12 224 245
281 18 227 239
282 14 310 321
283 17 262 301
284 12 439 465
285 14 55 91
286 18 336 348
287 11 209 230
288 15 344 367
289 11 42 75
290 14 351 382
291 16 207 250
292 14 388 436
293 20 303 318
294 17 14 56
295 11 63 105
296 14 284 330
297 11 131 167
298 15 176 215
299 19 320 347
300 17 234 283
301 15 295 312
302 13 262 278
303 16 354 402
304 11 280 324
305 11 413 457
306 20 128 171
307 15 375 399
308 19 412 460
309 14 336 364
310 11 288 337
311 17 96 138
312 20 61 71
313 20 20 49
314 12 398 413
315 13 12 39
316 19 282 306
317 19 53 94
318 16 148 168
319 17 133 182
320 10 104 125
321 13 178 205
322 10 134 160
323 20 344 366
324 16 13 31
325 13 88 131
326 12 217 250
327 18 318 333
328 11 117 160
329 12 119 160
330 15 39 68
331 16 409 447
332 11 156 187
333 13 163 193
334 13 293 338
335 18 311 337
336 15 462 480
337 19 429 461
338 18 315 325
339 11 397 439
340 17 314 356
341 13 222 272
342 15 206 219
343 14 128 155
344 13 69 112
345 13 277 312
346 10 281 303
347 12 410 421
348 18 246 285
349 12 222 240
350 10 229 273
351 14 278 296
352 18 45 85
353 12 121 142
354 18 158 172
355 18 437 449
356 11 188 219
357 13 462 496
358 17 319 352
359 10 304 349
360 10 423 454
361 14 222 255
362 13 93 128
363 14 15 30
364 10 208 218
365 11 324 362
366 20 321 342
367 11 150 196
368 13 315 361
369 11 13 27
370 15 124 144
371 19 143 170
372 19 66 111
373 15 339 375
374 11 87 129
375 16 453 482
376 15 201 213
377 16 14 41
378 14 239 255
379 20 348 388
380 16 45 78
381 20 4 19
382 18 414 438
383 18 353 380
384 17 402 432
385 13 71 98
386 11 19 58
387 17 57 92
388 18 176 225
389 15 202 235
390 16 17 42
391 16 324 347
392 17 276 293
393 16 1 25
394 17 35 55
395 12 321 363
396 19 104 121
397 18 205 215
398 18 299 324
399 11 293 338
400 19 150 195
401 13 353 387
402 16 312 328
403 11 36 57
404 13 171 220
405 12 398 436
406 15 48 65
407 19 180 204
408 19 457 492
409 19 371 405
410 10 247 278
411 18 2 14
412 11 374 412
413 14 131 174
414 14 425 446
415 15 319 361
416 14 355 405
417 17 38 76
418 20 458 476
419 11 361 396
420 13 158 197
421 20 385 423
422 10 121 143
423 19 316 365
424 12 65 94
425 13 100 122
426 11 96 107
427 11 72 100
428 10 405 421
429 12 400 418
430 10 120 157
431 11 454 490
432 11 167 200
433 19 317 359
434 17 56 75
435 12 458 475
436 14 425 467
437 10 348 371
438 15 26 50
439 15 40 68
440 20 232 243
441 20 340 377
442 11 361 410
443 10 455 485
444 14 257 270
445 10 441 470
446 14 200 247
447 10 148 182
448 11 396 415
449 15 191 217
450 19 259 307
451 15 112 157
452 15 459 505
453 14 408 449
454 19 186 224
455 16 44 69
456 14 406 428
457 17 68 99
458 16 197 216
459 17 65 115
460 16 215 234
461 16 326 337
462 18 195 211
463 12 27 52
464 10 446 469
465 10 114 152
466 19 261 300
467 18 227 252
468 15 314 338
469 13 45 83
470 13 310 328
471 18 164 193
472 15 433 463
473 19 441 458
474 20 231 266
475 15 417 428
476 20 73 106
477 12 205 231
478 17 33 51
479 16 379 418
480 13 105 148
481 20 34 71
482 14 349 388
483 13 265 284
484 11 22 71
485 17 156 178
486 18 141 174
487 20 317 335
488 16 51 72
489 15 362 409
490 13 47 87
491 15 71 121
492 15 207 232
493 17 73 87
494 15 372 393
495 12 455 504
496 13 313 357
497 15 81 126
498 17 150 161
499 15 1 27
500 17 391 411
501 14 220 264
502 13 49 66
503 11 441 470
504 10 333 362
505 19 84 133
506 19 249 297
507 20 148 163
508 13 444 458
509 17 143 174
510 11 306 343
511 11 273 314
512 14 125 155
513 10 276 323
514 10 135 184
515 18 257 292
516 14 314 339
517 15 311 356
518 18 402 441
519 16 144 154
520 12 77 120
521 11 250 295
522 12 191 206
523 14 280 325
524 17 245 274
525 12 131 156
526 18 365 400
527 16 398 410
528 19 364 401
529 12 151 171
530 15 163 203
531 19 310 339
532 15 271 315
533 13 112 123
534 12 183 193
535 18 54 84
536 14 219 260
537 17 262 298
538 15 4 31
539 13 456 498
540 19 409 422
541 14 251 301
542 19 291 301
543 10 355 375
544 11 284 299
545 12 371 411
546 18 36 61
547 10 455 473
548 16 358 382
549 14 53 84
550 16 294 314
551 12 400 416
552 14 310 345
553 12 119 132
554 15 315 327
555 17 43 69
556 11 134 174
557 16 403 443
558 17 216 231
559 15 439 469
560 16 34 75
561 19 237 286
562 13 266 284
563 17 225 253
564 10 124 138
565 12 67 80
566 20 216 251
567 12 299 330
568 12 456 483
569 20 231 248
570 20 428 474
571 16 174 198
572 15 146 177
573 12 316 338
574 19 252 289
575 18 32 48
576 10 332 344
577 13 174 222
578 16 271 314
579 12 124 170
580 13 151 193
581 15 434 470
582 20 6 53
583 14 104 134
584 19 420 442
585 16 215 252
586 13 251 286
587 19 10 56
588 19 293 337
589 12 325 371
590 12 49 62
591 12 456 492
592 13 134 152
593 19 399 441
594 12 3 31
595 20 446 460
596 16 424 451
597 19 2 29
598 15 372 389
599 20 394 428
600 16 443 462
601 15 289 327
602 20 162 198
603 17 32 50
604 19 419 431
605 20 263 295
606 18 143 193
607 14 455 471
608 20 315 335
609 18 390 411
610 12 174 192
611 12 389 426
612 11 82 128
613 14 48 90
614 19 344 370
615 12 68 80
616 18 301 339
617 10 282 331
618 19 419 468
619 16 351 383
620 10 77 122
621 19 261 292
622 16 190 220
623 20 400 438
624 12 322 334
625 20 123 139
626 13 373 406
627 20 458 488
628 19 140 152
629 12 327 340
630 17 207 252
631 15 227 244
632 13 181 204
633 16 66 112
634 15 84 129
635 10 37 79
636 11 446 463
637 13 383 424
638 11 212 250
639 17 281 292
640 20 42 82
641 13 239 274
642 20 416 434
643 20 23 47
644 11 250 265
645 10 17 44
646 12 208 230
647 17 295 328
648 10 73 117
649 10 234 246
650 20 243 286
651 18 172 222
652 15 350 375
653 15 72 82
654 20 402 412
655 15 162 195
656 10 176 202
657 11 295 314
658 13 155 191
659 12 448 459
660 14 99 126
661 13 382 405
662 11 99 121
663 11 132 157
664 10 260 281
665 12 245 283
666 13 408 435
667 14 248 275
668 14 443 488
669 12 241 283
670 12 63 81
671 11 92 102
672 10 324 346
673 12 123 169
674 11 33 58
675 10 199 229
676 13 47 67
677 14 166 207
678 10 201 242
679 14 249 298
680 18 349 390
681 16 232 243
682 11 189 207
683 10 81 96
684 17 131 151
685 14 426 439
686 17 100 123
687 13 434 479
688 19 131 171
689 20 262 295
690 20 329 364
691 13 135 183
692 18 423 456
693 17 216 244
694 19 455 497
695 17 223 267
696 12 37 75
697 11 99 139
698 20 369 414
699 15 323 349
700 14 452 469
701 10 118 142
702 14 231 268
703 10 196 208
704 11 341 375
705 14 298 341
706 17 108 123
707 13 311 361
708 19 367 384
709 17 238 269
710 12 449 495
711 17 364 390
712 18 385 414
713 13 181 210
714 12 27 67
715 10 268 295
716 11 196 233
717 20 344 375
718 11 130 166
719 10 419 452
720 20 305 322
721 20 462 506
722 12 272 314
723 11 120 163
724 13 150 160
725 15 104 131
726 10 25 39
727 18 435 447
728 14 193 240
729 18 418 449
730 19 412 450
731 18 356 377
732 19 73 101
733 12 295 319
734 15 256 285
735 14 113 141
736 14 347 397
737 16 110 150
738 20 262 289
739 13 19 53
740 10 63 113
741 19 345 364
742 14 4 32
743 18 374 420
744 16 225 245
745 16 70 101
746 10 261 295
747 10 37 86
748 11 448 465
749 16 101 145
750 14 212 256
751 15 421 461
752 12 404 440
753 16 358 393
754 10 63 111
755 10 88 117
756 17 366 413
757 15 55 80
758 19 194 231
759 14 183 209
760 16 46 80
761 16 27 53
762 14 403 413
763 20 349 378
764 16 28 54
765 18 321 369
766 12 271 297
767 20 373 390
768 19 220 259
769 15 426 476
770 10 50 96
771 18 270 286
772 18 221 250
773 16 18 62
774 12 387 398
775 11 11 36
776 16 7 44
777 11 31 75
778 11 259 308
779 19 151 171
780 15 161 211
781 13 68 88
782 20 36 54
783 20 343 365
784 17 444 471
785 20 347 375
786 10 326 355
787 11 296 325
788 16 129 143
789 15 351 400
790 18 185 230
791 10 427 465
792 19 315 331
793 19 283 317
794 14 419 439
795 18 216 256
796 11 59 107
797 17 255 278
798 19 396 427
799 17 334 372
800 17 245 288
801 13 260 274
802 20 297 334
803 19 176 199
804 12 244 255
805 18 45 95
806 13 293 314
807 16 417 440
808 16 12 56
809 12 46 61
810 11 414 446
811 12 359 393
812 19 422 470
813 11 144 178
814 10 118 128
815 17 360 395
816 10 101 139
817 11 424 472
818 12 317 361
819 14 189 229
820 19 15 47
821 18 365 399
822 12 8 54
823 17 435 476
824 11 408 452
825 14 260 279
826 19 259 283
827 16 443 464
828 15 282 294
829 13 144 191
830 11 444 489
831 12 35 51
832 14 381 413
833 11 403 425
834 19 264 314
835 14 132 151
836 16 349 383
837 14 119 144
838 11 386 413
839 16 85 99
840 10 324 343
841 20 101 139
842 15 29 61
843 17 133 152
844 19 418 453
845 16 355 382
846 20 147 171
847 10 109 137
848 18 360 385
849 14 85 112
850 11 324 334
851 12 165 175
852 10 426 463
853 16 443 468
854 16 35 73
855 20 128 175
856 19 391 437
857 18 42 61
858 18 449 499
859 19 170 201
860 14 253 273
861 12 72 120
862 15 161 204
863 13 190 224
864 16 257 275
865 13 442 470
866 12 303 324
867 12 152 189
868 16 309 335
869 13 73 95
870 20 35 45
871 14 131 180
872 16 328 353
873 14 336 366
874 10 26 44
875 18 362 384
876 18 195 213
877 10 311 338
878 18 55 69
879 19 272 294
880 10 251 271
881 15 230 274
882 11 1 34
883 11 9 57
884 12 73 87
885 13 99 145
886 15 327 348
887 16 354 381
888 10 22 66
889 15 317 361
890 18 272 309
891 12 71 89
892 18 268 295
893 16 229 241
894 10 52 74
895 18 186 229
896 15 457 468
897 10 272 315
898 15 437 469
899 11 430 457
900 13 281 317
901 19 393 442
902 18 383 396
903 13 112 135
904 20 459 498
905 14 299 319
906 16 133 159
907 19 156 185
908 13 328 342
909 19 309 331
910 11 458 470
911 14 195 236
912 19 330 369
913 10 121 152
914 17 36 63
915 20 8 31
916 18 115 162
917 17 27 70
918 15 166 178
919 12 234 251
920 20 99 118
921 18 322 357
922 10 245 273
923 20 320 353
924 14 453 501
925 13 420 435
926 11 356 393
927 16 102 117
928 17 213 238
929 12 361 388
930 11 344 377
931 14 85 111
932 18 436 459
933 16 61 102
934 17 272 296
935 16 44 84
936 12 81 91
937 10 213 247
938 10 371 404
939 12 116 147
940 10 353 368
941 15 444 458
942 11 353 399
943 16 91 127
944 17 214 224
945 20 173 212
946 20 195 233
947 13 71 86
948 17 161 192
949 10 177 201
950 16 175 220
951 14 360 391
952 11 122 169
953 13 431 446
954 20 460 484
955 14 93 128
956 13 121 148
957 17 14 39
958 10 357 402
959 12 269 291
960 20 5 33
961 17 78 101
962 13 187 201
963 14 306 341
964 13 388 398
965 10 209 259
966 20 350 383
967 11 151 195
968 11 99 120
969 17 241 266
970 10 323 347
971 11 33 62
972 16 170 193
973 14 271 301
974 12 227 270
975 19 376 404
976 18 351 400
977 13 152 167
978 12 30 46
979 15 342 369
980 17 268 309
981 15 137 150
982 20 22 64
983 20 375 417
984 12 231 274
985 17 144 182
986 14 291 321
987 16 277 295
988 19 167 212
989 19 463 476
990 12 311 346
991 11 165 200
992 12 425 441
993 14 104 128
994 16 272 310
995 10 262 290
996 10 405 425
997 15 291 341
998 16 362 392
999 12 110 145
