480
0 0 0 0
1 60 240 300
2 14 79 100
3 18 10 31
4 17 327 338
5 17 240 255
6 18 19 37
7 12 179 216
8 16 18 66
9 17 180 215
10 20 300 325
11 13 94 104
12 12 304 315
13 12 197 212
14 15 97 131
15 14 346 390
16 14 59 102
17 10 186 202
18 16 97 141
19 11 404 432
20 13 446 471
21 16 369 386
22 18 411 424
23 19 425 470
24 19 189 215
25 14 435 463
26 17 3 52
27 18 308 354
28 18 302 325
29 18 24 72
30 16 306 331
31 16 284 329
32 18 448 459
33 10 345 364
34 15 155 197
35 16 143 185
36 15 45 78
37 11 181 225
38 11 382 430
39 14 392 426
40 13 435 463
41 18 334 363
42 12 385 428
43 14 85 107
44 18 176 225
45 11 310 324
46 10 359 387
47 11 458 477
48 20 278 303
49 19 389 435
50 10 197 217
51 20 354 398
52 18 359 400
53 17 410 460
54 19 25 58
55 20 132 166
56 16 240 266
57 20 377 402
58 10 201 222
59 15 198 246
60 11 299 312
61 13 152 195
62 10 220 263
63 12 105 123
64 20 76 114
65 17 266 276
66 15 435 483
67 15 186 223
68 10 342 384
69 20 321 339
70 18 298 325
71 19 405 437
72 18 139 179
73 10 80 116
74 11 372 406
75 12 74 124
76 13 320 340
77 12 379 423
78 17 308 346
79 20 47 68
80 20 336 356
81 14 135 150
82 11 168 180
83 20 268 288
84 11 53 93
85 19 280 295
86 10 323 361
87 18 325 366
88 11 1 24
89 10 401 422
90 13 154 200
91 11 18 41
92 14 429 466
93 10 155 175
94 17 77 87
95 19 403 435
96 19 200 220
97 11 161 184
98 11 222 270
99 16 432 474
100 18 32 47
101 14 141 187
102 16 425 462
103 17 453 464
104 13 84 120
105 10 288 333
106 10 244 279
107 13 370 410
108 14 62 74
109 18 324 365
110 10 387 430
111 17 256 298
112 19 422 438
113 18 60 74
114 17 25 62
115 13 282 293
116 20 286 301
117 11 283 298
118 16 54 86
119 17 442 481
120 20 27 37
121 12 441 477
122 13 120 161
123 17 259 301
124 15 459 498
125 11 16 40
126 15 233 260
127 20 460 485
128 15 204 219
129 12 62 95
130 13 96 128
131 16 179 201
132 19 17 58
133 13 93 119
134 18 267 280
135 16 77 102
136 14 389 411
137 18 128 177
138 19 308 350
139 19 359 402
140 17 201 211
141 20 183 193
142 13 411 444
143 17 26 43
144 17 78 98
145 11 21 50
146 17 184 199
147 19 354 380
148 15 12 59
149 16 400 432
150 16 256 281
151 13 53 69
152 14 350 399
153 13 186 213
154 10 428 470
155 16 425 469
156 18 109 145
157 20 56 67
158 16 180 211
159 17 442 486
160 13 352 389
161 15 223 255
162 12 455 489
163 11 190 230
164 16 86 135
165 20 225 241
166 15 164 211
167 19 384 424
168 19 278 321
169 13 91 127
170 14 147 187
171 14 320 354
172 14 198 232
173 10 263 274
174 18 415 452
175 13 281 316
176 19 347 371
177 11 307 346
178 15 292 333
179 15 143 185
180 18 94 113
181 11 105 153
182 19 122 160
183 11 70 116
184 10 237 272
185 13 255 304
186 18 438 488
187 12 434 472
188 19 242 261
189 13 67 114
190 12 236 266
191 18 249 263
192 15 93 123
193 12 189 221
194 15 458 488
195 13 134 144
196 12 87 99
197 16 7 45
198 11 43 85
199 13 96 111
