540
0 0 0 0
1 60 300 360
2 10 316 358
3 14 138 169
4 13 139 155
5 20 354 384
6 15 405 417
7 19 400 411
8 11 18 35
9 18 312 323
10 11 496 508
11 17 200 246
12 20 99 147
13 17 332 359
14 17 196 219
15 20 82 101
16 14 353 383
17 16 271 309
18 15 52 67
19 20 176 193
20 12 167 191
21 14 283 316
22 10 86 122
23 12 79 113
24 10 352 382
25 10 354 377
26 10 424 445
27 11 32 51
28 16 68 80
29 11 68 82
30 20 39 86
31 18 199 233
32 12 488 515
33 19 233 259
34 20 446 479
35 18 232 247
36 10 499 537
37 13 463 496
38 16 140 155
39 18 67 94
40 11 83 120
41 20 106 152
42 11 294 335
43 11 215 257
44 10 148 171
45 14 488 531
46 17 248 271
47 18 21 43
48 17 458 474
49 11 196 244
50 13 503 520
51 19 35 65
52 18 325 353
53 13 487 533
54 18 106 141
55 16 358 370
56 17 36 83
57 14 422 468
58 14 403 416
59 14 513 543
60 17 187 215
61 16 197 235
62 17 334 354
63 17 21 35
64 20 280 297
65 14 147 181
66 18 341 390
67 18 283 324
68 18 482 532
69 12 107 127
70 15 117 157
71 12 483 516
72 19 433 467
73 19 391 435
74 12 210 255
75 11 337 350
76 18 219 242
77 10 376 411
78 13 501 513
79 17 234 281
80 15 249 265
81 12 92 126
82 13 144 175
83 15 349 395
84 16 193 229
85 15 91 129
86 12 6 42
87 16 349 390
88 10 151 190
89 10 60 103
90 13 334 348
91 19 344 374
92 20 110 122
93 15 18 37
94 19 172 184
95 18 17 36
96 12 18 50
97 17 497 545
98 14 0 41
99 19 285 304
100 11 513 542
101 12 424 454
102 16 72 118
103 18 388 431
104 10 227 269
105 10 200 246
106 18 379 419
107 15 130 173
108 13 122 144
109 11 420 441
110 19 256 303
111 14 19 40
112 19 259 293
113 12 485 532
114 14 227 276
115 12 467 485
116 11 46 95
117 16 395 441
118 16 154 185
119 18 509 538
120 13 117 156
121 14 33 77
122 19 381 403
123 13 494 504
124 20 133 171
125 18 176 194
126 15 518 559
127 10 115 129
128 15 39 85
129 12 245 288
130 20 187 206
131 17 198 208
132 18 74 114
133 13 261 293
134 18 149 159
135 12 450 478
136 15 411 443
137 12 113 132
138 16 32 76
139 14 466 480
140 12 26 47
141 12 145 184
142 13 155 166
143 13 391 413
144 20 296 327
145 12 101 146
146 16 202 241
147 16 416 443
148 10 340 365
149 15 69 105
150 17 414 439
151 13 291 340
152 14 358 405
153 10 284 306
154 17 60 79
155 12 308 327
156 13 66 108
157 17 224 237
158 10 378 409
159 20 260 298
160 15 353 391
161 12 395 430
162 14 165 205
163 17 485 504
164 20 452 489
165 18 10 44
166 17 111 128
167 12 483 501
168 19 165 206
169 20 51 93
170 11 387 405
171 14 212 253
172 11 505 521
173 19 330 360
174 20 5 16
175 13 209 252
176 12 454 466
177 14 167 209
178 10 206 228
179 14 511 522
180 18 515 564
181 19 373 384
182 14 513 555
183 11 77 110
184 17 132 177
185 19 383 417
186 12 472 484
187 11 281 295
188 19 463 497
189 14 20 34
190 13 197 220
191 11 190 227
192 12 90 102
193 10 29 65
194 18 128 156
195 10 218 235
196 14 333 355
197 19 91 135
198 15 243 278
199 10 186 210
200 10 325 341
201 11 377 422
202 16 331 353
203 20 211 233
204 11 265 298
205 15 363 388
206 20 418 431
207 14 351 389
208 18 78 94
209 17 323 342
210 16 423 464
211 11 29 51
212 10 497 512
213 15 351 372
214 19 402 423
215 20 61 104
216 11 342 378
217 12 487 527
218 11 243 287
219 19 439 450
220 14 477 523
221 16 40 89
222 16 483 521
223 19 286 302
224 12 363 412
225 13 453 497
226 20 40 59
227 14 436 483
228 12 19 33
229 14 167 184
230 13 229 259
231 19 356 386
232 12 23 35
233 20 492 528
234 18 434 448
235 12 470 493
236 13 79 114
237 14 200 229
238 15 361 409
239 18 406 428
240 10 488 526
241 13 264 302
242 11 410 453
243 15 329 366
244 13 314 341
245 15 477 501
246 12 147 177
247 19 39 49
248 17 158 174
249 10 169 211
250 14 23 72
251 10 205 223
252 14 473 495
253 12 263 301
254 11 503 521
255 13 203 237
256 11 215 231
257 19 253 300
258 11 178 189
259 16 203 231
260 12 109 133
261 10 87 105
262 16 457 494
263 14 425 467
264 10 374 395
265 18 324 363
266 10 3 27
267 15 420 444
268 19 405 433
269 10 289 321
270 12 371 381
271 15 268 298
272 12 217 248
273 18 131 166
274 19 472 522
275 17 278 292
276 15 9 22
277 20 184 212
278 14 238 266
279 17 80 91
280 10 394 409
281 14 316 335
282 16 498 529
283 12 138 186
284 17 445 468
285 20 177 201
286 18 74 105
287 14 104 148
288 18 37 59
289 17 450 466
290 19 499 525
291 12 274 319
292 11 220 256
293 20 512 536
294 13 486 496
295 17 235 261
296 16 303 322
297 16 236 278
298 14 456 466
299 15 262 278
