540
0 0 0 0
1 60 300 360
2 19 0 300
3 20 0 300
4 14 360 540
5 20 0 300
6 17 0 300
7 12 360 540
8 13 360 540
9 17 360 540
10 20 0 300
11 18 0 300
12 18 0 300
13 11 0 300
14 14 0 300
15 13 0 300
16 17 360 540
17 16 360 540
18 17 360 540
19 16 360 540
20 11 360 540
21 19 360 540
22 12 360 540
23 15 360 540
24 17 360 540
25 20 360 540
26 13 0 300
27 13 360 540
28 15 0 300
29 18 0 300
30 10 0 300
31 11 0 300
32 14 0 300
33 15 0 300
34 17 0 300
35 12 360 540
36 11 360 540
37 17 360 540
38 15 0 300
39 12 0 300
40 16 0 300
41 20 360 540
42 17 360 540
43 17 360 540
44 15 360 540
45 13 0 300
46 11 0 300
47 20 360 540
48 15 0 300
49 20 360 540
50 16 360 540
51 16 360 540
52 18 360 540
53 18 0 300
54 20 0 300
55 19 360 540
56 20 360 540
57 17 0 300
58 13 360 540
59 11 360 540
60 18 0 300
61 20 0 300
62 17 360 540
63 10 360 540
64 18 360 540
65 12 360 540
66 17 0 300
67 18 360 540
68 14 0 300
69 15 360 540
70 13 0 300
71 18 0 300
72 15 0 300
73 19 360 540
74 14 0 300
75 13 0 300
76 11 0 300
77 10 0 300
78 14 360 540
79 16 360 540
80 12 0 300
81 11 360 540
82 20 0 300
83 11 0 300
84 17 360 540
85 16 0 300
86 19 360 540
87 14 360 540
88 10 0 300
89 17 0 300
90 18 0 300
91 18 360 540
92 18 0 300
93 16 0 300
94 18 0 300
95 11 360 540
96 13 0 300
97 10 0 300
98 18 0 300
99 12 360 540
100 11 360 540
101 16 0 300
102 13 360 540
103 17 360 540
104 10 0 300
105 19 0 300
106 18 0 300
107 12 0 300
108 18 0 300
109 20 360 540
110 17 360 540
111 10 360 540
112 16 360 540
113 10 360 540
114 12 0 300
115 15 0 300
116 11 360 540
117 17 0 300
118 14 0 300
119 16 360 540
120 20 0 300
121 20 0 300
122 12 360 540
123 15 360 540
124 13 0 300
125 15 0 300
126 11 0 300
127 16 0 300
128 10 360 540
129 11 360 540
130 20 360 540
131 11 360 540
132 20 360 540
133 20 0 300
134 20 360 540
135 17 360 540
136 17 360 540
137 13 0 300
138 17 360 540
139 11 360 540
140 16 360 540
141 12 360 540
142 12 0 300
143 14 360 540
144 15 360 540
145 19 0 300
146 14 360 540
147 17 0 300
148 18 360 540
149 14 0 300
150 10 0 300
151 12 0 300
152 17 0 300
153 15 0 300
154 17 360 540
155 19 0 300
156 19 0 300
157 19 0 300
158 15 360 540
159 15 0 300
160 15 0 300
161 11 0 300
162 17 0 300
163 14 360 540
164 13 360 540
165 12 0 300
166 16 0 300
167 12 360 540
168 14 0 300
169 10 0 300
170 16 0 300
171 15 360 540
172 19 360 540
173 14 360 540
174 18 360 540
175 14 0 300
176 17 360 540
177 11 0 300
178 18 0 300
179 11 360 540
180 12 360 540
181 13 360 540
182 11 0 300
183 16 0 300
184 15 0 300
185 13 360 540
186 20 0 300
187 15 0 300
188 17 0 300
189 12 360 540
190 10 0 300
191 10 0 300
192 19 360 540
193 15 360 540
194 17 0 300
195 12 0 300
196 13 0 300
197 13 360 540
198 16 0 300
199 12 360 540
200 15 0 300
201 18 0 300
202 13 360 540
203 14 0 300
204 10 0 300
205 12 0 300
206 17 0 300
207 11 0 300
208 12 360 540
209 17 360 540
210 18 0 300
211 15 360 540
212 14 360 540
213 15 360 540
214 18 0 300
215 13 0 300
216 19 0 300
217 20 360 540
218 20 0 300
219 12 360 540
220 19 360 540
221 15 0 300
222 14 360 540
223 17 0 300
224 18 360 540
225 17 0 300
226 13 360 540
227 19 0 300
228 18 0 300
229 18 360 540
230 10 360 540
231 15 360 540
232 10 360 540
233 13 0 300
234 16 360 540
235 13 0 300
236 20 360 540
237 18 0 300
238 12 360 540
239 13 0 300
240 19 0 300
241 10 360 540
242 13 0 300
243 19 0 300
244 13 0 300
245 11 360 540
246 14 0 300
247 12 360 540
248 19 360 540
249 18 0 300
250 19 0 300
251 19 0 300
252 18 360 540
253 11 360 540
254 12 0 300
255 17 360 540
256 10 0 300
257 17 360 540
258 13 0 300
259 11 0 300
260 13 360 540
261 15 360 540
262 20 360 540
263 13 0 300
264 11 0 300
265 20 0 300
266 19 360 540
267 20 0 300
268 13 0 300
269 11 360 540
270 16 0 300
271 14 360 540
272 12 0 300
273 17 0 300
274 19 0 300
275 19 360 540
276 19 0 300
277 14 360 540
278 12 0 300
279 15 0 300
280 18 360 540
281 10 0 300
282 15 360 540
283 12 0 300
284 19 0 300
285 14 0 300
286 12 360 540
287 19 360 540
288 15 360 540
289 11 0 300
290 14 360 540
291 18 0 300
292 15 360 540
293 17 360 540
294 13 360 540
295 15 0 300
296 13 360 540
297 19 0 300
298 15 360 540
299 12 360 540
300 19 360 540
301 17 0 300
302 12 360 540
303 10 360 540
304 17 0 300
305 13 0 300
306 17 360 540
307 17 0 300
308 17 0 300
309 20 0 300
310 10 360 540
311 11 0 300
312 11 0 300
313 16 360 540
314 18 360 540
315 11 360 540
316 16 360 540
317 11 0 300
318 10 360 540
319 15 0 300
320 17 360 540
321 17 0 300
322 17 360 540
323 17 0 300
324 14 360 540
325 13 360 540
326 18 360 540
327 20 0 300
328 11 360 540
329 14 0 300
330 10 360 540
331 10 360 540
332 13 360 540
333 14 360 540
334 15 360 540
335 19 360 540
336 20 0 300
337 17 360 540
338 19 0 300
339 12 0 300
340 10 360 540
341 10 360 540
342 19 360 540
343 14 0 300
344 15 0 300
345 17 0 300
346 10 0 300
347 19 360 540
348 17 360 540
349 20 0 300
350 13 0 300
351 12 0 300
352 12 360 540
353 16 0 300
354 15 360 540
355 15 360 540
356 12 360 540
357 12 360 540
358 20 360 540
359 13 360 540
360 19 360 540
361 15 0 300
362 11 360 540
363 17 0 300
364 14 360 540
365 20 0 300
366 16 360 540
367 15 0 300
368 13 360 540
369 12 360 540
370 15 0 300
371 20 0 300
372 11 0 300
373 18 360 540
374 16 0 300
375 12 360 540
376 11 360 540
377 20 360 540
378 19 0 300
379 15 360 540
380 19 0 300
381 19 0 300
382 17 360 540
383 10 360 540
384 16 360 540
385 12 360 540
386 17 0 300
387 13 0 300
388 15 360 540
389 18 360 540
390 11 0 300
391 13 360 540
392 15 360 540
393 14 0 300
394 13 360 540
395 19 360 540
396 13 0 300
397 13 360 540
398 11 0 300
399 12 360 540
400 10 0 300
401 20 360 540
402 17 0 300
403 10 360 540
404 10 360 540
405 14 360 540
406 10 0 300
407 17 360 540
408 18 360 540
409 10 0 300
410 14 0 300
411 12 360 540
412 17 0 300
413 17 360 540
414 14 0 300
415 12 360 540
416 14 360 540
417 13 0 300
418 18 360 540
419 14 0 300
420 12 0 300
421 18 0 300
422 14 0 300
423 15 0 300
424 12 0 300
425 17 360 540
426 16 0 300
427 18 0 300
428 11 0 300
429 20 360 540
430 10 360 540
431 14 0 300
432 13 0 300
433 16 0 300
434 12 360 540
435 12 0 300
436 18 360 540
437 13 360 540
438 15 0 300
439 18 0 300
440 10 360 540
441 13 0 300
442 10 360 540
443 10 0 300
444 19 0 300
445 17 0 300
446 11 0 300
447 16 360 540
448 13 0 300
449 17 0 300
450 14 360 540
451 20 360 540
452 14 360 540
453 12 360 540
454 12 360 540
455 13 360 540
456 12 0 300
457 10 360 540
458 12 0 300
459 13 360 540
460 13 0 300
461 15 360 540
462 17 0 300
463 17 360 540
464 20 0 300
465 16 360 540
466 10 0 300
467 10 360 540
468 10 0 300
469 11 0 300
470 12 360 540
471 17 0 300
472 16 0 300
473 19 360 540
474 20 0 300
475 10 0 300
476 12 360 540
477 19 0 300
478 12 360 540
479 10 360 540
480 20 0 300
481 20 0 300
482 20 0 300
483 12 0 300
484 10 0 300
485 11 360 540
486 14 360 540
487 20 360 540
488 12 0 300
489 18 0 300
490 15 360 540
491 15 360 540
492 14 0 300
493 14 0 300
494 12 360 540
495 19 360 540
496 16 0 300
497 10 360 540
498 12 0 300
499 20 360 540
