540
0 0 0 0
1 60 300 360
2 17 118 149
3 16 394 437
4 12 466 481
5 19 249 282
6 19 512 554
7 17 461 488
8 19 390 414
9 19 247 279
10 16 28 74
11 14 42 87
12 15 425 471
13 19 60 87
14 11 362 411
15 19 256 285
16 19 239 277
17 16 315 337
18 17 171 198
19 19 258 272
20 11 236 270
21 14 489 518
22 18 55 98
23 18 238 250
24 17 181 192
25 11 272 318
26 18 76 120
27 18 477 510
28 13 52 86
29 12 108 143
30 17 77 125
31 11 138 172
32 15 150 200
33 10 508 527
34 16 299 339
35 16 99 140
36 17 433 445
37 19 242 286
38 19 503 548
39 16 303 344
40 10 422 446
41 17 493 505
42 13 424 453
43 19 37 80
44 10 349 388
45 16 494 521
46 10 187 202
47 20 85 126
48 13 510 526
49 13 132 163
50 19 518 532
51 15 183 223
52 11 495 523
53 17 313 336
54 10 368 378
55 19 411 421
56 20 314 353
57 19 321 344
58 10 201 250
59 13 331 345
60 20 51 69
61 10 523 555
62 18 346 383
63 17 93 137
64 15 299 319
65 18 275 298
66 16 151 185
67 12 159 172
68 16 115 131
69 20 178 205
70 11 285 326
71 10 113 160
72 11 486 499
73 15 60 76
74 13 82 110
75 16 411 457
76 17 78 124
77 14 122 160
78 11 251 279
79 20 41 66
80 12 148 190
81 19 106 124
82 17 296 326
83 14 109 140
84 13 12 22
85 16 415 449
86 19 352 388
87 14 328 346
88 15 333 360
89 20 107 123
90 16 445 477
91 13 166 183
92 12 251 273
93 17 166 185
94 10 320 349
95 20 84 118
96 12 124 150
97 18 211 259
98 13 340 377
99 11 502 540
100 14 402 425
101 12 314 341
102 14 180 209
103 20 371 402
104 12 387 435
105 12 493 538
106 16 524 559
107 15 433 470
108 15 403 444
109 17 490 534
110 18 177 207
111 14 431 472
112 10 1 24
113 10 440 457
114 18 49 91
115 19 404 433
116 14 214 264
117 14 357 372
118 17 34 63
119 18 241 254
120 11 271 290
121 14 289 318
122 16 442 471
123 15 337 356
124 19 59 91
125 15 155 182
126 16 64 87
127 19 144 171
128 11 390 437
129 12 374 399
130 19 56 86
131 14 215 264
132 16 168 206
133 12 166 178
134 18 224 249
135 12 126 162
136 17 472 508
137 19 440 485
138 15 282 294
139 11 171 205
140 15 511 536
141 10 124 158
142 18 485 501
143 13 256 305
144 15 204 228
145 15 85 122
146 19 104 142
147 14 8 24
148 15 464 489
149 17 179 221
150 10 70 116
151 16 166 208
152 11 95 133
153 17 428 478
154 10 13 53
155 12 259 279
156 12 367 388
157 11 184 227
158 18 105 138
159 17 179 223
160 15 129 176
161 16 17 36
162 13 264 276
163 14 341 366
164 13 468 481
165 16 199 240
166 14 212 261
167 17 411 455
168 11 468 518
169 19 41 66
170 18 181 214
171 16 297 319
172 20 262 292
173 12 186 206
174 15 486 507
175 16 125 137
176 12 291 309
177 16 500 536
178 11 254 299
179 13 244 263
180 16 404 445
181 20 168 206
182 18 34 54
183 16 250 261
184 18 278 311
185 15 23 55
186 13 424 462
187 12 412 443
188 20 103 117
189 12 400 446
190 17 91 121
191 13 140 164
192 11 75 108
193 11 444 470
194 15 99 121
195 19 201 243
196 12 186 228
197 11 19 42
198 18 130 151
199 16 379 416
200 11 291 325
201 12 307 352
202 13 128 171
203 17 322 338
204 14 115 143
205 10 70 102
206 18 131 162
207 19 80 116
208 14 398 447
209 16 227 244
210 18 19 37
211 18 450 475
212 19 421 457
213 15 48 82
214 18 276 309
215 16 191 217
216 15 189 216
217 12 173 188
218 10 337 356
219 10 259 270
220 20 276 300
221 11 224 266
222 11 226 257
223 17 209 257
224 18 339 353
225 14 343 384
226 12 149 173
227 17 334 374
228 11 485 509
229 20 222 264
230 12 432 456
231 19 379 415
232 20 390 423
233 18 433 479
234 18 490 529
235 18 273 300
236 20 53 69
237 18 74 100
238 14 263 307
239 20 336 346
240 17 30 78
241 10 366 412
242 14 199 244
243 10 12 37
244 17 356 390
245 17 433 481
246 18 200 232
247 16 70 117
248 14 488 508
249 16 103 120
250 20 34 77
251 14 78 111
252 14 427 458
253 19 57 103
254 16 162 174
255 20 33 75
256 16 429 468
257 10 59 99
258 10 74 118
259 15 96 142
260 16 423 468
261 15 410 451
262 15 483 508
263 16 279 306
264 11 34 84
265 20 152 176
266 16 427 439
267 12 410 452
268 20 67 84
269 12 373 384
270 12 185 226
271 17 203 246
272 18 365 375
273 13 348 362
274 20 97 111
275 17 455 500
276 19 355 394
277 19 197 234
278 20 120 134
279 20 314 324
280 12 253 274
281 18 257 269
282 14 350 361
283 17 295 334
284 12 495 521
285 14 62 98
286 18 380 392
287 11 236 257
288 15 389 412
289 11 48 81
290 14 396 427
291 16 234 277
292 14 438 486
293 20 342 357
294 17 16 58
295 11 71 113
296 14 321 367
297 11 148 184
298 15 198 237
299 19 361 388
300 17 264 313
301 15 333 350
302 13 296 312
303 16 400 448
304 11 316 360
305 11 466 510
306 20 145 188
307 15 423 447
308 19 465 513
309 14 380 408
310 11 325 374
311 17 109 151
312 20 69 79
313 20 23 52
314 12 449 464
315 13 14 41
316 19 318 342
317 19 60 101
318 16 167 187
319 17 150 199
320 10 117 138
321 13 201 228
322 10 151 177
323 20 388 410
324 16 15 33
325 13 99 142
326 12 245 278
327 18 359 374
328 11 132 175
329 12 135 176
330 15 44 73
331 16 462 500
332 11 176 207
333 13 184 214
334 13 331 376
335 18 351 377
336 15 521 539
337 19 484 516
338 18 355 365
339 11 448 490
340 17 355 397
341 13 250 300
342 15 233 246
343 14 145 172
344 13 78 121
345 13 312 347
346 10 317 339
347 12 462 473
348 18 278 317
349 12 250 268
350 10 258 302
351 14 313 331
352 18 51 91
353 12 137 158
354 18 178 192
355 18 494 506
356 11 212 243
357 13 522 556
358 17 360 393
359 10 343 388
360 10 478 509
361 14 250 283
362 13 105 140
363 14 17 32
364 10 235 245
365 11 365 403
366 20 363 384
367 11 169 215
368 13 355 401
369 11 15 29
370 15 140 160
371 19 162 189
372 19 74 119
373 15 382 418
374 11 98 140
375 16 512 541
376 15 227 239
377 16 16 43
378 14 270 286
379 20 393 433
380 16 51 84
381 20 4 19
382 18 467 491
383 18 399 426
384 17 454 484
385 13 80 107
386 11 21 60
387 17 64 99
388 18 199 248
389 15 228 261
390 16 19 44
391 16 366 389
392 17 312 329
393 16 1 25
394 17 39 59
395 12 363 405
396 19 117 134
397 18 232 242
398 18 338 363
399 11 331 376
400 19 169 214
401 13 399 433
402 16 353 369
403 11 41 62
404 13 193 242
405 12 449 487
406 15 54 71
407 19 204 228
408 19 516 551
409 19 419 453
410 10 279 310
411 18 2 14
412 11 423 461
413 14 148 191
414 14 480 501
415 15 361 403
416 14 401 451
417 17 43 81
418 20 517 535
419 11 408 443
420 13 178 217
421 20 435 473
422 10 137 159
423 19 357 406
424 12 73 102
425 13 113 135
426 11 109 120
427 11 82 110
428 10 458 474
429 12 451 469
430 10 136 173
431 11 513 549
432 11 188 221
433 19 358 400
434 17 63 82
435 12 518 535
436 14 480 522
437 10 393 416
438 15 30 54
439 15 45 73
440 20 262 273
441 20 384 421
442 11 407 456
443 10 513 543
444 14 290 303
445 10 498 527
446 14 226 273
447 10 167 201
448 11 447 466
449 15 216 242
450 19 293 341
451 15 126 171
452 15 518 564
453 14 460 501
454 19 210 248
455 16 50 75
456 14 459 481
457 17 77 108
458 16 222 241
459 17 74 124
460 16 243 262
461 16 369 380
462 18 220 236
463 12 31 56
464 10 504 527
465 10 128 166
466 19 294 333
467 18 257 282
468 15 355 379
469 13 51 89
470 13 350 368
471 18 186 215
472 15 489 519
473 19 498 515
474 20 261 296
475 15 471 482
476 20 83 116
477 12 231 257
478 17 37 55
479 16 429 468
480 13 118 161
481 20 39 76
482 14 394 433
483 13 299 318
484 11 24 73
485 17 177 199
486 18 159 192
487 20 358 376
488 16 57 78
489 15 409 456
490 13 53 93
491 15 80 130
492 15 234 259
493 17 82 96
494 15 421 442
495 12 514 563
496 13 354 398
497 15 91 136
498 17 170 181
499 15 1 27
500 17 441 461
501 14 248 292
502 13 55 72
503 11 498 527
504 10 377 406
505 19 94 143
506 19 282 330
507 20 167 182
508 13 501 515
509 17 161 192
510 11 346 383
511 11 308 349
512 14 141 171
513 10 312 359
514 10 153 202
515 18 290 325
516 14 355 380
517 15 352 397
518 18 454 493
519 16 163 173
520 12 87 130
521 11 283 328
522 12 216 231
523 14 316 361
524 17 276 305
525 12 148 173
526 18 412 447
527 16 450 462
528 19 411 448
529 12 171 191
530 15 185 225
531 19 350 379
532 15 306 350
533 13 126 137
534 12 206 216
535 18 61 91
536 14 247 288
537 17 296 332
538 15 4 31
539 13 515 557
540 19 462 475
541 14 283 333
542 19 328 338
543 10 400 420
544 11 321 336
545 12 419 459
546 18 41 66
547 10 514 532
548 16 404 428
549 14 60 91
550 16 332 352
551 12 452 468
552 14 351 386
553 12 134 147
554 15 356 368
555 17 49 75
556 11 151 191
557 16 455 495
558 17 244 259
559 15 496 526
560 16 39 80
561 19 267 316
562 13 300 318
563 17 254 282
564 10 140 154
565 12 75 88
566 20 244 279
567 12 338 369
568 12 515 542
569 20 261 278
570 20 483 529
571 16 196 220
572 15 164 195
573 12 357 379
574 19 285 322
575 18 36 52
576 10 375 387
577 13 196 244
578 16 306 349
579 12 140 186
580 13 171 213
581 15 491 527
582 20 7 54
583 14 118 148
584 19 474 496
585 16 243 280
586 13 283 318
587 19 11 57
588 19 331 375
589 12 367 413
590 12 55 68
591 12 515 551
592 13 151 169
593 19 451 493
594 12 3 31
595 20 503 517
596 16 479 506
597 19 3 30
598 15 420 437
599 20 445 479
600 16 501 520
601 15 326 364
602 20 183 219
603 17 36 54
604 19 473 485
605 20 297 329
606 18 162 212
607 14 514 530
608 20 355 375
609 18 440 461
610 12 197 215
611 12 440 477
612 11 93 139
613 14 54 96
614 19 388 414
615 12 77 89
616 18 340 378
617 10 319 368
618 19 473 522
619 16 397 429
620 10 87 132
621 19 295 326
622 16 215 245
623 20 452 490
624 12 364 376
625 20 139 155
626 13 421 454
627 20 517 547
628 19 158 170
629 12 370 383
630 17 234 279
631 15 257 274
632 13 204 227
633 16 74 120
634 15 94 139
635 10 42 84
636 11 504 521
637 13 432 473
638 11 239 277
639 17 317 328
640 20 47 87
641 13 270 305
642 20 470 488
643 20 26 50
644 11 282 297
645 10 19 46
646 12 234 256
647 17 333 366
648 10 82 126
649 10 265 277
650 20 274 317
651 18 194 244
652 15 395 420
653 15 81 91
654 20 454 464
655 15 183 216
656 10 199 225
657 11 333 352
658 13 175 211
659 12 505 516
660 14 112 139
661 13 431 454
662 11 112 134
663 11 149 174
664 10 293 314
665 12 277 315
666 13 461 488
667 14 280 307
668 14 500 545
669 12 273 315
670 12 71 89
671 11 104 114
672 10 366 388
673 12 139 185
674 11 37 62
675 10 225 255
676 13 53 73
677 14 188 229
678 10 227 268
679 14 282 331
680 18 394 435
681 16 262 273
682 11 213 231
683 10 92 107
684 17 148 168
685 14 481 494
686 17 113 136
687 13 490 535
688 19 148 188
689 20 296 329
690 20 372 407
691 13 153 201
692 18 478 511
693 17 244 272
694 19 514 556
695 17 252 296
696 12 42 80
697 11 111 151
698 20 416 461
699 15 365 391
700 14 510 527
701 10 134 158
702 14 261 298
703 10 222 234
704 11 385 419
705 14 337 380
706 17 122 137
707 13 351 401
708 19 414 431
709 17 268 299
710 12 507 553
711 17 411 437
712 18 435 464
713 13 204 233
714 12 30 70
715 10 303 330
716 11 222 259
717 20 389 420
718 11 147 183
719 10 473 506
720 20 345 362
721 20 522 566
722 12 307 349
723 11 136 179
724 13 170 180
725 15 117 144
726 10 28 42
727 18 492 504
728 14 218 265
729 18 472 503
730 19 465 503
731 18 401 422
732 19 83 111
733 12 334 358
734 15 289 318
735 14 128 156
736 14 391 441
737 16 125 165
738 20 296 323
739 13 21 55
740 10 71 121
741 19 389 408
742 14 5 33
743 18 423 469
744 16 254 274
745 16 79 110
746 10 294 328
747 10 42 91
748 11 506 523
749 16 114 158
750 14 240 284
751 15 475 515
752 12 456 492
753 16 404 439
754 10 71 119
755 10 99 128
756 17 413 460
757 15 62 87
758 19 219 256
759 14 207 233
760 16 52 86
761 16 31 57
762 14 455 465
763 20 394 423
764 16 31 57
765 18 363 411
766 12 306 332
767 20 421 438
768 19 248 287
769 15 481 531
770 10 57 103
771 18 305 321
772 18 249 278
773 16 20 64
774 12 437 448
775 11 13 38
776 16 8 45
777 11 35 79
778 11 293 342
779 19 170 190
780 15 182 232
781 13 77 97
782 20 41 59
783 20 388 410
784 17 501 528
785 20 392 420
786 10 368 397
787 11 334 363
788 16 146 160
789 15 396 445
790 18 209 254
791 10 482 520
792 19 355 371
793 19 320 354
794 14 473 493
795 18 244 284
796 11 66 114
797 17 288 311
798 19 447 478
799 17 377 415
800 17 277 320
801 13 293 307
802 20 336 373
803 19 199 222
804 12 276 287
805 18 51 101
806 13 331 352
807 16 471 494
808 16 14 58
809 12 52 67
810 11 467 499
811 12 405 439
812 19 477 525
813 11 163 197
814 10 134 144
815 17 407 442
816 10 114 152
817 11 479 527
818 12 358 402
819 14 213 253
820 19 17 49
821 18 412 446
822 12 9 55
823 17 491 532
824 11 461 505
825 14 294 313
826 19 292 316
827 16 501 522
828 15 318 330
829 13 163 210
830 11 501 546
831 12 39 55
832 14 430 462
833 11 455 477
834 19 298 348
835 14 149 168
836 16 394 428
837 14 135 160
838 11 436 463
839 16 96 110
840 10 366 385
841 20 114 152
842 15 33 65
843 17 150 169
844 19 472 507
845 16 400 427
846 20 166 190
847 10 123 151
848 18 406 431
849 14 97 124
850 11 366 376
851 12 187 197
852 10 481 518
853 16 500 525
854 16 40 78
855 20 145 192
856 19 442 488
857 18 47 66
858 18 507 557
859 19 192 223
860 14 286 306
861 12 81 129
862 15 182 225
863 13 215 249
864 16 290 308
865 13 499 527
866 12 343 364
867 12 172 209
868 16 348 374
869 13 82 104
870 20 39 49
871 14 148 197
872 16 371 396
873 14 379 409
874 10 30 48
875 18 409 431
876 18 220 238
877 10 351 378
878 18 63 77
879 19 307 329
880 10 284 304
881 15 260 304
882 11 1 34
883 11 10 58
884 12 83 97
885 13 112 158
886 15 369 390
887 16 400 427
888 10 25 69
889 15 357 401
890 18 307 344
891 12 81 99
892 18 303 330
893 16 258 270
894 10 59 81
895 18 211 254
896 15 516 527
897 10 307 350
898 15 494 526
899 11 486 513
900 13 317 353
901 19 444 493
902 18 433 446
903 13 126 149
904 20 519 558
905 14 338 358
906 16 150 176
907 19 176 205
908 13 371 385
909 19 349 371
910 11 517 529
911 14 220 261
912 19 372 411
913 10 136 167
914 17 41 68
915 20 9 32
916 18 130 177
917 17 31 74
918 15 188 200
919 12 265 282
920 20 112 131
921 18 364 399
922 10 276 304
923 20 362 395
924 14 512 560
925 13 474 489
926 11 402 439
927 16 116 131
928 17 241 266
929 12 408 435
930 11 388 421
931 14 96 122
932 18 492 515
933 16 68 109
934 17 307 331
935 16 50 90
936 12 92 102
937 10 240 274
938 10 419 452
939 12 131 162
940 10 398 413
941 15 502 516
942 11 399 445
943 16 102 138
944 17 242 252
945 20 195 234
946 20 220 258
947 13 81 96
948 17 182 213
949 10 200 224
950 16 198 243
951 14 407 438
952 11 138 185
953 13 486 501
954 20 519 543
955 14 105 140
956 13 137 164
957 17 16 41
958 10 403 448
959 12 303 325
960 20 5 33
961 17 88 111
962 13 211 225
963 14 345 380
964 13 439 449
965 10 236 286
966 20 396 429
967 11 171 215
968 11 112 133
969 17 272 297
970 10 365 389
971 11 38 67
972 16 192 215
973 14 307 337
974 12 256 299
975 19 425 453
976 18 397 446
977 13 172 187
978 12 34 50
979 15 386 413
980 17 302 343
981 15 154 167
982 20 25 67
983 20 423 465
984 12 261 304
985 17 163 201
986 14 329 359
987 16 312 330
988 19 188 233
989 19 522 535
990 12 351 386
991 11 186 221
992 12 479 495
993 14 117 141
994 16 307 345
995 10 296 324
996 10 457 477
997 15 328 378
998 16 408 438
999 12 124 159
