480
0 0 0 0
1 60 240 300
2 18 0 480
3 11 0 480
4 11 0 480
5 20 0 480
6 16 0 480
7 16 0 480
8 15 0 480
9 15 0 480
10 10 0 480
11 10 0 480
12 15 0 480
13 15 0 480
14 19 0 480
15 20 0 480
16 19 0 480
17 15 0 480
18 12 0 480
19 14 0 480
20 15 0 480
21 10 0 480
22 17 0 480
23 20 0 480
24 12 0 480
25 19 0 480
26 14 0 480
27 16 0 480
28 18 0 480
29 16 0 480
30 15 0 480
31 11 0 480
32 19 0 480
33 18 0 480
34 15 0 480
35 14 0 480
36 11 0 480
37 16 0 480
38 18 0 480
39 19 0 480
40 15 0 480
41 13 0 480
42 11 0 480
43 11 0 480
44 12 0 480
45 16 0 480
46 17 0 480
47 19 0 480
48 19 0 480
49 14 0 480
