0 1 10
0 2 10
0 3 14
0 4 11
0 5 19
0 6 10
0 7 15
0 8 13
0 9 19
0 10 11
0 11 13
0 12 13
0 13 12
0 14 10
0 15 14
0 16 10
0 17 16
0 18 10
0 19 13
0 20 14
0 21 19
0 22 11
0 23 11
0 24 18
0 25 10
0 26 20
0 27 16
0 28 12
0 29 19
0 30 18
0 31 13
0 32 18
0 33 12
0 34 16
0 35 15
0 36 18
0 37 13
0 38 14
0 39 18
0 40 15
0 41 17
0 42 17
0 43 17
0 44 19
0 45 15
0 46 17
0 47 14
0 48 10
0 49 18
0 50 11
0 51 19
0 52 20
0 53 17
0 54 11
0 55 13
0 56 14
0 57 10
0 58 15
0 59 16
0 60 13
0 61 12
0 62 10
0 63 16
0 64 10
0 65 13
0 66 12
0 67 15
0 68 17
0 69 20
0 70 17
0 71 20
0 72 20
0 73 16
0 74 12
0 75 15
0 76 11
0 77 20
0 78 14
0 79 18
0 80 10
0 81 11
0 82 12
0 83 12
0 84 13
0 85 12
0 86 14
0 87 14
0 88 11
0 89 10
0 90 13
0 91 10
0 92 14
0 93 10
0 94 15
0 95 10
0 96 17
0 97 14
0 98 20
0 99 12
1 2 15
1 3 18
1 4 13
1 5 13
1 6 17
1 7 20
1 8 19
1 9 14
1 10 17
1 11 17
1 12 14
1 13 12
1 14 10
1 15 19
1 16 10
1 17 15
1 18 15
1 19 11
1 20 17
1 21 20
1 22 18
1 23 14
1 24 11
1 25 20
1 26 15
1 27 16
1 28 18
1 29 14
1 30 10
1 31 11
1 32 17
1 33 13
1 34 19
1 35 18
1 36 20
1 37 17
1 38 13
1 39 18
1 40 10
1 41 15
1 42 19
1 43 15
1 44 11
1 45 15
1 46 16
1 47 14
1 48 19
1 49 13
1 50 12
1 51 15
1 52 12
1 53 13
1 54 14
1 55 20
1 56 10
1 57 12
1 58 12
1 59 20
1 60 19
1 61 12
1 62 16
1 63 10
1 64 13
1 65 13
1 66 15
1 67 20
1 68 18
1 69 15
1 70 18
1 71 15
1 72 18
1 73 18
1 74 12
1 75 19
1 76 16
1 77 15
1 78 14
1 79 12
1 80 15
1 81 11
1 82 16
1 83 19
1 84 18
1 85 16
1 86 15
1 87 17
1 88 11
1 89 10
1 90 19
1 91 13
1 92 17
1 93 14
1 94 13
1 95 18
1 96 13
1 97 18
1 98 19
1 99 11
2 3 20
2 4 10
2 5 14
2 6 15
2 7 19
2 8 11
2 9 16
2 10 14
2 11 20
2 12 11
2 13 12
2 14 19
2 15 13
2 16 20
2 17 10
2 18 14
2 19 11
2 20 16
2 21 20
2 22 13
2 23 17
2 24 12
2 25 14
2 26 16
2 27 12
2 28 17
2 29 15
2 30 19
2 31 13
2 32 20
2 33 12
2 34 10
2 35 17
2 36 18
2 37 15
2 38 10
2 39 20
2 40 11
2 41 19
2 42 19
2 43 12
2 44 19
2 45 15
2 46 19
2 47 19
2 48 18
2 49 13
2 50 16
2 51 20
2 52 13
2 53 14
2 54 17
2 55 10
2 56 12
2 57 11
2 58 14
2 59 14
2 60 16
2 61 15
2 62 11
2 63 10
2 64 15
2 65 18
2 66 20
2 67 19
2 68 13
2 69 19
2 70 15
2 71 13
2 72 11
2 73 14
2 74 15
2 75 13
2 76 12
2 77 20
2 78 10
2 79 20
2 80 14
2 81 18
2 82 11
2 83 16
2 84 18
2 85 14
2 86 13
2 87 15
2 88 12
2 89 12
2 90 12
2 91 10
2 92 20
2 93 10
2 94 20
2 95 10
2 96 17
2 97 16
2 98 10
2 99 20
3 4 18
3 5 19
3 6 14
3 7 13
3 8 12
3 9 11
3 10 17
3 11 19
3 12 12
3 13 10
3 14 13
3 15 11
3 16 12
3 17 12
3 18 17
3 19 14
3 20 16
3 21 14
3 22 20
3 23 15
3 24 10
3 25 11
3 26 18
3 27 20
3 28 11
3 29 15
3 30 19
3 31 16
3 32 10
3 33 15
3 34 13
3 35 12
3 36 20
3 37 11
3 38 19
3 39 18
3 40 16
3 41 13
3 42 10
3 43 17
3 44 20
3 45 11
3 46 11
3 47 15
3 48 19
3 49 10
3 50 18
3 51 10
3 52 10
3 53 11
3 54 15
3 55 20
3 56 17
3 57 10
3 58 11
3 59 15
3 60 10
3 61 17
3 62 13
3 63 20
3 64 19
3 65 18
3 66 12
3 67 14
3 68 17
3 69 10
3 70 10
3 71 13
3 72 14
3 73 18
3 74 18
3 75 10
3 76 10
3 77 20
3 78 13
3 79 11
3 80 18
3 81 18
3 82 16
3 83 18
3 84 19
3 85 19
3 86 12
3 87 14
3 88 20
3 89 14
3 90 16
3 91 19
3 92 19
3 93 16
3 94 13
3 95 17
3 96 10
3 97 13
3 98 18
3 99 17
4 5 10
4 6 17
4 7 16
4 8 14
4 9 11
4 10 16
4 11 18
4 12 12
4 13 16
4 14 10
4 15 12
4 16 13
4 17 18
4 18 13
4 19 19
4 20 20
4 21 11
4 22 10
4 23 18
4 24 18
4 25 19
4 26 17
4 27 18
4 28 14
4 29 11
4 30 20
4 31 16
4 32 12
4 33 19
4 34 10
4 35 10
4 36 12
4 37 11
4 38 14
4 39 16
4 40 15
4 41 16
4 42 11
4 43 15
4 44 20
4 45 13
4 46 18
4 47 17
4 48 18
4 49 17
4 50 14
4 51 12
4 52 11
4 53 11
4 54 11
4 55 18
4 56 19
4 57 18
4 58 19
4 59 13
4 60 17
4 61 19
4 62 11
4 63 10
4 64 12
4 65 20
4 66 18
4 67 11
4 68 19
4 69 11
4 70 12
4 71 11
4 72 19
4 73 19
4 74 10
4 75 10
4 76 18
4 77 14
4 78 16
4 79 17
4 80 15
4 81 12
4 82 13
4 83 16
4 84 18
4 85 13
4 86 10
4 87 11
4 88 13
4 89 20
4 90 14
4 91 15
4 92 14
4 93 19
4 94 18
4 95 11
4 96 17
4 97 16
4 98 19
4 99 10
5 6 16
5 7 12
5 8 16
5 9 18
5 10 14
5 11 15
5 12 14
5 13 20
5 14 19
5 15 10
5 16 10
5 17 15
5 18 13
5 19 10
5 20 17
5 21 11
5 22 17
5 23 11
5 24 17
5 25 19
5 26 18
5 27 19
5 28 16
5 29 13
5 30 12
5 31 17
5 32 20
5 33 17
5 34 11
5 35 10
5 36 11
5 37 18
5 38 11
5 39 17
5 40 16
5 41 14
5 42 14
5 43 12
5 44 14
5 45 12
5 46 15
5 47 17
5 48 16
5 49 20
5 50 20
5 51 19
5 52 16
5 53 11
5 54 18
5 55 20
5 56 16
5 57 14
5 58 17
5 59 16
5 60 19
5 61 15
5 62 14
5 63 18
5 64 15
5 65 17
5 66 13
5 67 15
5 68 16
5 69 16
5 70 18
5 71 13
5 72 11
5 73 14
5 74 16
5 75 15
5 76 14
5 77 14
5 78 11
5 79 11
5 80 17
5 81 10
5 82 16
5 83 20
5 84 15
5 85 17
5 86 18
5 87 15
5 88 15
5 89 12
5 90 16
5 91 15
5 92 13
5 93 20
5 94 16
5 95 14
5 96 19
5 97 18
5 98 20
5 99 13
6 7 15
6 8 12
6 9 18
6 10 19
6 11 17
6 12 17
6 13 11
6 14 20
6 15 11
6 16 18
6 17 11
6 18 17
6 19 18
6 20 11
6 21 16
6 22 12
6 23 20
6 24 12
6 25 20
6 26 15
6 27 10
6 28 11
6 29 13
6 30 17
6 31 17
6 32 12
6 33 14
6 34 19
6 35 15
6 36 13
6 37 17
6 38 19
6 39 17
6 40 20
6 41 14
6 42 10
6 43 10
6 44 20
6 45 14
6 46 18
6 47 20
6 48 16
6 49 17
6 50 16
6 51 18
6 52 19
6 53 17
6 54 17
6 55 10
6 56 11
6 57 14
6 58 18
6 59 19
6 60 14
6 61 19
6 62 13
6 63 17
6 64 11
6 65 20
6 66 13
6 67 13
6 68 10
6 69 12
6 70 10
6 71 16
6 72 20
6 73 10
6 74 15
6 75 14
6 76 17
6 77 10
6 78 12
6 79 13
6 80 13
6 81 14
6 82 15
6 83 14
6 84 13
6 85 20
6 86 11
6 87 12
6 88 17
6 89 14
6 90 12
6 91 19
6 92 14
6 93 17
6 94 20
6 95 20
6 96 14
6 97 14
6 98 10
6 99 10
7 8 20
7 9 20
7 10 14
7 11 19
7 12 18
7 13 14
7 14 10
7 15 16
7 16 11
7 17 14
7 18 15
7 19 10
7 20 12
7 21 13
7 22 17
7 23 11
7 24 16
7 25 13
7 26 15
7 27 19
7 28 16
7 29 19
7 30 12
7 31 12
7 32 15
7 33 12
7 34 13
7 35 18
7 36 12
7 37 15
7 38 13
7 39 16
7 40 15
7 41 20
7 42 14
7 43 20
7 44 10
7 45 14
7 46 15
7 47 11
7 48 19
7 49 19
7 50 14
7 51 16
7 52 15
7 53 12
7 54 10
7 55 17
7 56 18
7 57 14
7 58 16
7 59 16
7 60 18
7 61 11
7 62 15
7 63 19
7 64 14
7 65 18
7 66 10
7 67 14
7 68 10
7 69 15
7 70 16
7 71 11
7 72 11
7 73 17
7 74 11
7 75 20
7 76 18
7 77 14
7 78 11
7 79 12
7 80 12
7 81 18
7 82 13
7 83 16
7 84 10
7 85 19
7 86 20
7 87 18
7 88 16
7 89 10
7 90 11
7 91 13
7 92 17
7 93 11
7 94 10
7 95 12
7 96 13
7 97 10
7 98 20
7 99 14
8 9 11
8 10 16
8 11 10
8 12 17
8 13 17
8 14 14
8 15 11
8 16 17
8 17 11
8 18 18
8 19 16
8 20 18
8 21 20
8 22 16
8 23 13
8 24 14
8 25 16
8 26 20
8 27 11
8 28 12
8 29 18
8 30 18
8 31 15
8 32 20
8 33 16
8 34 20
8 35 12
8 36 15
8 37 12
8 38 19
8 39 11
8 40 13
8 41 11
8 42 10
8 43 17
8 44 16
8 45 17
8 46 12
8 47 17
8 48 12
8 49 16
8 50 20
8 51 20
8 52 10
8 53 12
8 54 16
8 55 12
8 56 20
8 57 16
8 58 20
8 59 10
8 60 17
8 61 10
8 62 15
8 63 20
8 64 10
8 65 15
8 66 15
8 67 14
8 68 13
8 69 18
8 70 17
8 71 11
8 72 13
8 73 14
8 74 18
8 75 15
8 76 13
8 77 17
8 78 15
8 79 13
8 80 19
8 81 12
8 82 13
8 83 20
8 84 12
8 85 16
8 86 11
8 87 10
8 88 17
8 89 14
8 90 14
8 91 14
8 92 11
8 93 11
8 94 17
8 95 12
8 96 14
8 97 11
8 98 18
8 99 16
9 10 18
9 11 14
9 12 14
9 13 12
9 14 16
9 15 19
9 16 20
9 17 14
9 18 17
9 19 17
9 20 10
9 21 20
9 22 20
9 23 12
9 24 16
9 25 11
9 26 16
9 27 14
9 28 17
9 29 13
9 30 17
9 31 17
9 32 13
9 33 20
9 34 10
9 35 10
9 36 11
9 37 12
9 38 15
9 39 17
9 40 17
9 41 11
9 42 15
9 43 11
9 44 13
9 45 14
9 46 15
9 47 14
9 48 14
9 49 20
9 50 17
9 51 13
9 52 11
9 53 12
9 54 18
9 55 20
9 56 13
9 57 11
9 58 14
9 59 20
9 60 13
9 61 18
9 62 15
9 63 15
9 64 10
9 65 12
9 66 15
9 67 14
9 68 11
9 69 15
9 70 20
9 71 16
9 72 16
9 73 18
9 74 20
9 75 11
9 76 12
9 77 10
9 78 20
9 79 10
9 80 15
9 81 15
9 82 16
9 83 13
9 84 20
9 85 13
9 86 14
9 87 16
9 88 12
9 89 16
9 90 19
9 91 10
9 92 17
9 93 19
9 94 16
9 95 13
9 96 19
9 97 13
9 98 15
9 99 14
10 11 11
10 12 11
10 13 20
10 14 16
10 15 20
10 16 11
10 17 14
10 18 10
10 19 18
10 20 14
10 21 18
10 22 16
10 23 17
10 24 14
10 25 17
10 26 18
10 27 17
10 28 11
10 29 12
10 30 18
10 31 19
10 32 13
10 33 14
10 34 14
10 35 16
10 36 12
10 37 13
10 38 20
10 39 16
10 40 18
10 41 12
10 42 16
10 43 14
10 44 16
10 45 11
10 46 15
10 47 10
10 48 11
10 49 17
10 50 18
10 51 17
10 52 14
10 53 15
10 54 12
10 55 13
10 56 12
10 57 12
10 58 19
10 59 11
10 60 12
10 61 11
10 62 16
10 63 14
10 64 18
10 65 20
10 66 10
10 67 20
10 68 16
10 69 17
10 70 19
10 71 20
10 72 17
10 73 12
10 74 19
10 75 13
10 76 12
10 77 14
10 78 16
10 79 20
10 80 15
10 81 13
10 82 18
10 83 20
10 84 17
10 85 19
10 86 14
10 87 13
10 88 13
10 89 17
10 90 16
10 91 10
10 92 18
10 93 17
10 94 18
10 95 20
10 96 17
10 97 10
10 98 10
10 99 20
11 12 10
11 13 10
11 14 17
11 15 11
11 16 13
11 17 12
11 18 12
11 19 12
11 20 12
11 21 10
11 22 10
11 23 12
11 24 13
11 25 11
11 26 11
11 27 20
11 28 18
11 29 16
11 30 17
11 31 12
11 32 14
11 33 15
11 34 17
11 35 13
11 36 19
11 37 19
11 38 11
11 39 14
11 40 15
11 41 19
11 42 11
11 43 12
11 44 11
11 45 19
11 46 12
11 47 16
11 48 11
11 49 12
11 50 17
11 51 14
11 52 13
11 53 19
11 54 12
11 55 20
11 56 10
11 57 10
11 58 18
11 59 13
11 60 18
11 61 17
11 62 17
11 63 15
11 64 12
11 65 19
11 66 20
11 67 19
11 68 12
11 69 14
11 70 10
11 71 18
11 72 10
11 73 11
11 74 19
11 75 14
11 76 15
11 77 17
11 78 17
11 79 10
11 80 16
11 81 17
11 82 20
11 83 18
11 84 11
11 85 20
11 86 19
11 87 16
11 88 16
11 89 16
11 90 17
11 91 19
11 92 10
11 93 20
11 94 14
11 95 19
11 96 13
11 97 15
11 98 12
11 99 17
12 13 18
12 14 15
12 15 11
12 16 15
12 17 11
12 18 20
12 19 16
12 20 15
12 21 16
12 22 13
12 23 18
12 24 19
12 25 19
12 26 16
12 27 19
12 28 16
12 29 13
12 30 12
12 31 12
12 32 17
12 33 13
12 34 11
12 35 19
12 36 12
12 37 14
12 38 17
12 39 13
12 40 15
12 41 20
12 42 17
12 43 13
12 44 19
12 45 16
12 46 18
12 47 17
12 48 11
12 49 17
12 50 11
12 51 19
12 52 11
12 53 17
12 54 15
12 55 20
12 56 19
12 57 13
12 58 18
12 59 10
12 60 16
12 61 19
12 62 20
12 63 13
12 64 13
12 65 17
12 66 13
12 67 12
12 68 20
12 69 16
12 70 10
12 71 15
12 72 14
12 73 18
12 74 16
12 75 12
12 76 19
12 77 13
12 78 17
12 79 12
12 80 10
12 81 12
12 82 17
12 83 15
12 84 17
12 85 11
12 86 12
12 87 10
12 88 13
12 89 12
12 90 20
12 91 18
12 92 18
12 93 10
12 94 15
12 95 10
12 96 17
12 97 14
12 98 11
12 99 13
13 14 13
13 15 20
13 16 10
13 17 19
13 18 20
13 19 19
13 20 12
13 21 19
13 22 14
13 23 19
13 24 11
13 25 20
13 26 19
13 27 18
13 28 19
13 29 16
13 30 12
13 31 15
13 32 11
13 33 18
13 34 11
13 35 11
13 36 20
13 37 16
13 38 16
13 39 15
13 40 15
13 41 10
13 42 10
13 43 15
13 44 15
13 45 19
13 46 20
13 47 19
13 48 15
13 49 12
13 50 14
13 51 15
13 52 10
13 53 17
13 54 20
13 55 12
13 56 19
13 57 14
13 58 16
13 59 18
13 60 16
13 61 15
13 62 11
13 63 19
13 64 18
13 65 15
13 66 14
13 67 11
13 68 16
13 69 18
13 70 19
13 71 15
13 72 13
13 73 11
13 74 11
13 75 12
13 76 16
13 77 17
13 78 19
13 79 19
13 80 14
13 81 17
13 82 12
13 83 15
13 84 20
13 85 14
13 86 18
13 87 18
13 88 19
13 89 16
13 90 18
13 91 20
13 92 14
13 93 12
13 94 14
13 95 16
13 96 16
13 97 13
13 98 17
13 99 12
14 15 12
14 16 18
14 17 17
14 18 18
14 19 15
14 20 18
14 21 11
14 22 14
14 23 18
14 24 18
14 25 12
14 26 11
14 27 13
14 28 12
14 29 17
14 30 10
14 31 17
14 32 14
14 33 19
14 34 17
14 35 19
14 36 16
14 37 20
14 38 20
14 39 20
14 40 14
14 41 20
14 42 18
14 43 20
14 44 20
14 45 17
14 46 13
14 47 19
14 48 10
14 49 19
14 50 10
14 51 14
14 52 11
14 53 17
14 54 20
14 55 12
14 56 17
14 57 16
14 58 12
14 59 11
14 60 15
14 61 15
14 62 20
14 63 16
14 64 13
14 65 13
14 66 10
14 67 10
14 68 10
14 69 18
14 70 20
14 71 19
14 72 15
14 73 10
14 74 20
14 75 20
14 76 15
14 77 16
14 78 15
14 79 11
14 80 12
14 81 13
14 82 14
14 83 16
14 84 16
14 85 19
14 86 12
14 87 16
14 88 20
14 89 12
14 90 11
14 91 12
14 92 16
14 93 10
14 94 13
14 95 15
14 96 10
14 97 15
14 98 19
14 99 14
15 16 13
15 17 13
15 18 16
15 19 14
15 20 16
15 21 18
15 22 11
15 23 17
15 24 19
15 25 11
15 26 20
15 27 12
15 28 15
15 29 13
15 30 17
15 31 17
15 32 15
15 33 17
15 34 18
15 35 16
15 36 16
15 37 19
15 38 13
15 39 15
15 40 16
15 41 19
15 42 14
15 43 13
15 44 15
15 45 19
15 46 16
15 47 17
15 48 19
15 49 16
15 50 15
15 51 13
15 52 20
15 53 15
15 54 13
15 55 11
15 56 11
15 57 15
15 58 11
15 59 17
15 60 13
15 61 10
15 62 18
15 63 19
15 64 13
15 65 14
15 66 20
15 67 17
15 68 14
15 69 17
15 70 20
15 71 11
15 72 20
15 73 12
15 74 20
15 75 15
15 76 11
15 77 17
15 78 10
15 79 20
15 80 20
15 81 18
15 82 12
15 83 10
15 84 18
15 85 19
15 86 15
15 87 14
15 88 12
15 89 10
15 90 14
15 91 12
15 92 15
15 93 18
15 94 16
15 95 10
15 96 16
15 97 15
15 98 10
15 99 18
16 17 10
16 18 11
16 19 19
16 20 17
16 21 19
16 22 14
16 23 10
16 24 12
16 25 16
16 26 10
16 27 14
16 28 19
16 29 12
16 30 15
16 31 19
16 32 10
16 33 13
16 34 10
16 35 15
16 36 15
16 37 15
16 38 13
16 39 11
16 40 14
16 41 18
16 42 12
16 43 16
16 44 14
16 45 15
16 46 14
16 47 13
16 48 13
16 49 17
16 50 18
16 51 19
16 52 14
16 53 10
16 54 15
16 55 15
16 56 13
16 57 15
16 58 16
16 59 10
16 60 13
16 61 10
16 62 14
16 63 18
16 64 14
16 65 14
16 66 13
16 67 18
16 68 14
16 69 18
16 70 15
16 71 12
16 72 15
16 73 17
16 74 10
16 75 13
16 76 12
16 77 10
16 78 12
16 79 16
16 80 16
16 81 19
16 82 17
16 83 19
16 84 17
16 85 15
16 86 12
16 87 20
16 88 10
16 89 14
16 90 13
16 91 14
16 92 11
16 93 12
16 94 13
16 95 20
16 96 17
16 97 11
16 98 19
16 99 20
17 18 10
17 19 20
17 20 13
17 21 20
17 22 16
17 23 14
17 24 20
17 25 13
17 26 12
17 27 10
17 28 19
17 29 11
17 30 18
17 31 12
17 32 19
17 33 20
17 34 10
17 35 11
17 36 16
17 37 18
17 38 10
17 39 18
17 40 11
17 41 17
17 42 17
17 43 10
17 44 18
17 45 14
17 46 13
17 47 10
17 48 17
17 49 12
17 50 13
17 51 20
17 52 12
17 53 14
17 54 16
17 55 14
17 56 15
17 57 15
17 58 10
17 59 14
17 60 10
17 61 17
17 62 12
17 63 11
17 64 13
17 65 11
17 66 11
17 67 16
17 68 13
17 69 20
17 70 14
17 71 15
17 72 18
17 73 16
17 74 19
17 75 15
17 76 13
17 77 19
17 78 18
17 79 17
17 80 12
17 81 18
17 82 20
17 83 17
17 84 11
17 85 18
17 86 10
17 87 17
17 88 10
17 89 11
17 90 12
17 91 15
17 92 11
17 93 20
17 94 12
17 95 19
17 96 10
17 97 16
17 98 15
17 99 11
18 19 17
18 20 14
18 21 16
18 22 16
18 23 15
18 24 19
18 25 19
18 26 15
18 27 14
18 28 18
18 29 12
18 30 17
18 31 17
18 32 18
18 33 19
18 34 14
18 35 16
18 36 10
18 37 10
18 38 19
18 39 20
18 40 16
18 41 20
18 42 15
18 43 10
18 44 15
18 45 16
18 46 15
18 47 17
18 48 18
18 49 13
18 50 12
18 51 12
18 52 14
18 53 11
18 54 14
18 55 10
18 56 11
18 57 19
18 58 10
18 59 18
18 60 15
18 61 15
18 62 20
18 63 11
18 64 16
18 65 14
18 66 19
18 67 14
18 68 16
18 69 19
18 70 15
18 71 13
18 72 13
18 73 17
18 74 13
18 75 15
18 76 13
18 77 13
18 78 13
18 79 18
18 80 14
18 81 12
18 82 16
18 83 16
18 84 10
18 85 20
18 86 20
18 87 19
18 88 18
18 89 18
18 90 18
18 91 17
18 92 20
18 93 20
18 94 13
18 95 18
18 96 11
18 97 16
18 98 19
18 99 18
19 20 13
19 21 13
19 22 15
19 23 20
19 24 16
19 25 20
19 26 11
19 27 14
19 28 10
19 29 10
19 30 19
19 31 14
19 32 10
19 33 16
19 34 20
19 35 11
19 36 11
19 37 12
19 38 12
19 39 10
19 40 13
19 41 10
19 42 10
19 43 16
19 44 15
19 45 11
19 46 14
19 47 12
19 48 13
19 49 12
19 50 10
19 51 20
19 52 16
19 53 14
19 54 20
19 55 12
19 56 17
19 57 11
19 58 15
19 59 12
19 60 16
19 61 20
19 62 13
19 63 13
19 64 11
19 65 17
19 66 20
19 67 11
19 68 10
19 69 14
19 70 15
19 71 17
19 72 18
19 73 12
19 74 15
19 75 10
19 76 12
19 77 16
19 78 13
19 79 10
19 80 12
19 81 18
19 82 15
19 83 16
19 84 19
19 85 15
19 86 12
19 87 19
19 88 18
19 89 13
19 90 15
19 91 18
19 92 15
19 93 12
19 94 17
19 95 17
19 96 15
19 97 15
19 98 19
19 99 15
20 21 16
20 22 13
20 23 18
20 24 16
20 25 13
20 26 10
20 27 16
20 28 10
20 29 10
20 30 17
20 31 13
20 32 12
20 33 19
20 34 11
20 35 20
20 36 10
20 37 18
20 38 18
20 39 18
20 40 16
20 41 15
20 42 19
20 43 18
20 44 20
20 45 14
20 46 11
20 47 10
20 48 19
20 49 10
20 50 13
20 51 11
20 52 10
20 53 19
20 54 11
20 55 13
20 56 13
20 57 20
20 58 11
20 59 12
20 60 16
20 61 18
20 62 14
20 63 16
20 64 20
20 65 12
20 66 10
20 67 11
20 68 12
20 69 12
20 70 10
20 71 16
20 72 10
20 73 14
20 74 18
20 75 19
20 76 19
20 77 14
20 78 14
20 79 16
20 80 16
20 81 18
20 82 12
20 83 18
20 84 14
20 85 13
20 86 13
20 87 14
20 88 14
20 89 19
20 90 12
20 91 12
20 92 18
20 93 15
20 94 11
20 95 11
20 96 14
20 97 10
20 98 15
20 99 11
21 22 13
21 23 12
21 24 13
21 25 15
21 26 12
21 27 18
21 28 19
21 29 13
21 30 18
21 31 18
21 32 18
21 33 12
21 34 19
21 35 11
21 36 16
21 37 12
21 38 16
21 39 10
21 40 18
21 41 20
21 42 12
21 43 14
21 44 18
21 45 17
21 46 10
21 47 18
21 48 15
21 49 17
21 50 13
21 51 11
21 52 17
21 53 15
21 54 10
21 55 13
21 56 12
21 57 17
21 58 14
21 59 16
21 60 14
21 61 15
21 62 16
21 63 13
21 64 16
21 65 11
21 66 12
21 67 11
21 68 15
21 69 20
21 70 15
21 71 18
21 72 13
21 73 17
21 74 16
21 75 12
21 76 19
21 77 15
21 78 18
21 79 10
21 80 17
21 81 20
21 82 20
21 83 17
21 84 12
21 85 16
21 86 14
21 87 10
21 88 14
21 89 17
21 90 11
21 91 17
21 92 20
21 93 16
21 94 13
21 95 17
21 96 12
21 97 20
21 98 17
21 99 11
22 23 20
22 24 12
22 25 20
22 26 20
22 27 19
22 28 13
22 29 20
22 30 10
22 31 15
22 32 12
22 33 10
22 34 10
22 35 10
22 36 11
22 37 17
22 38 18
22 39 19
22 40 14
22 41 16
22 42 20
22 43 13
22 44 13
22 45 15
22 46 18
22 47 18
22 48 17
22 49 11
22 50 19
22 51 19
22 52 18
22 53 19
22 54 19
22 55 11
22 56 19
22 57 13
22 58 16
22 59 18
22 60 20
22 61 18
22 62 15
22 63 16
22 64 14
22 65 18
22 66 19
22 67 10
22 68 16
22 69 13
22 70 20
22 71 18
22 72 14
22 73 20
22 74 15
22 75 10
22 76 17
22 77 14
22 78 17
22 79 12
22 80 18
22 81 14
22 82 18
22 83 12
22 84 16
22 85 18
22 86 17
22 87 17
22 88 18
22 89 12
22 90 20
22 91 10
22 92 18
22 93 11
22 94 17
22 95 12
22 96 19
22 97 10
22 98 16
22 99 18
23 24 15
23 25 14
23 26 12
23 27 10
23 28 11
23 29 12
23 30 17
23 31 11
23 32 15
23 33 17
23 34 11
23 35 12
23 36 16
23 37 12
23 38 16
23 39 18
23 40 19
23 41 20
23 42 17
23 43 10
23 44 12
23 45 15
23 46 20
23 47 18
23 48 16
23 49 20
23 50 18
23 51 12
23 52 11
23 53 12
23 54 14
23 55 15
23 56 15
23 57 11
23 58 15
23 59 14
23 60 16
23 61 11
23 62 18
23 63 12
23 64 17
23 65 19
23 66 15
23 67 19
23 68 10
23 69 19
23 70 18
23 71 19
23 72 12
23 73 11
23 74 15
23 75 18
23 76 14
23 77 17
23 78 13
23 79 11
23 80 13
23 81 11
23 82 19
23 83 13
23 84 18
23 85 11
23 86 20
23 87 18
23 88 17
23 89 18
23 90 20
23 91 18
23 92 14
23 93 10
23 94 14
23 95 17
23 96 15
23 97 15
23 98 18
23 99 10
24 25 15
24 26 14
24 27 20
24 28 11
24 29 14
24 30 16
24 31 17
24 32 10
24 33 15
24 34 11
24 35 16
24 36 15
24 37 16
24 38 15
24 39 17
24 40 12
24 41 12
24 42 20
24 43 12
24 44 15
24 45 13
24 46 16
24 47 11
24 48 11
24 49 12
24 50 11
24 51 10
24 52 14
24 53 20
24 54 15
24 55 14
24 56 16
24 57 12
24 58 15
24 59 17
24 60 20
24 61 10
24 62 10
24 63 14
24 64 13
24 65 18
24 66 11
24 67 18
24 68 18
24 69 12
24 70 10
24 71 13
24 72 20
24 73 11
24 74 14
24 75 20
24 76 20
24 77 18
24 78 14
24 79 16
24 80 10
24 81 15
24 82 15
24 83 20
24 84 19
24 85 14
24 86 18
24 87 11
24 88 13
24 89 19
24 90 10
24 91 17
24 92 13
24 93 17
24 94 13
24 95 18
24 96 16
24 97 10
24 98 10
24 99 16
25 26 20
25 27 19
25 28 11
25 29 14
25 30 20
25 31 10
25 32 16
25 33 15
25 34 11
25 35 20
25 36 10
25 37 12
25 38 18
25 39 16
25 40 19
25 41 14
25 42 17
25 43 20
25 44 15
25 45 10
25 46 11
25 47 11
25 48 16
25 49 11
25 50 17
25 51 12
25 52 11
25 53 20
25 54 19
25 55 19
25 56 13
25 57 11
25 58 18
25 59 19
25 60 14
25 61 12
25 62 15
25 63 18
25 64 19
25 65 11
25 66 13
25 67 14
25 68 14
25 69 14
25 70 16
25 71 18
25 72 13
25 73 14
25 74 15
25 75 19
25 76 12
25 77 10
25 78 20
25 79 13
25 80 10
25 81 18
25 82 15
25 83 14
25 84 14
25 85 14
25 86 15
25 87 13
25 88 16
25 89 19
25 90 18
25 91 11
25 92 16
25 93 16
25 94 19
25 95 10
25 96 19
25 97 13
25 98 14
25 99 13
26 27 10
26 28 12
26 29 18
26 30 15
26 31 18
26 32 14
26 33 18
26 34 15
26 35 16
26 36 20
26 37 12
26 38 16
26 39 19
26 40 10
26 41 16
26 42 17
26 43 20
26 44 10
26 45 17
26 46 10
26 47 10
26 48 11
26 49 20
26 50 19
26 51 13
26 52 11
26 53 14
26 54 19
26 55 13
26 56 14
26 57 13
26 58 13
26 59 16
26 60 10
26 61 10
26 62 18
26 63 15
26 64 17
26 65 17
26 66 11
26 67 20
26 68 12
26 69 10
26 70 14
26 71 12
26 72 14
26 73 11
26 74 13
26 75 14
26 76 12
26 77 17
26 78 12
26 79 19
26 80 11
26 81 16
26 82 20
26 83 10
26 84 19
26 85 17
26 86 19
26 87 18
26 88 10
26 89 17
26 90 20
26 91 10
26 92 11
26 93 19
26 94 17
26 95 12
26 96 19
26 97 15
26 98 15
26 99 19
27 28 13
27 29 17
27 30 11
27 31 20
27 32 16
27 33 13
27 34 19
27 35 16
27 36 13
27 37 10
27 38 15
27 39 17
27 40 10
27 41 17
27 42 16
27 43 12
27 44 20
27 45 14
27 46 17
27 47 10
27 48 17
27 49 14
27 50 10
27 51 12
27 52 14
27 53 12
27 54 10
27 55 10
27 56 10
27 57 11
27 58 12
27 59 20
27 60 10
27 61 15
27 62 19
27 63 20
27 64 18
27 65 10
27 66 17
27 67 12
27 68 10
27 69 14
27 70 19
27 71 15
27 72 13
27 73 12
27 74 13
27 75 18
27 76 14
27 77 17
27 78 19
27 79 10
27 80 10
27 81 18
27 82 16
27 83 10
27 84 17
27 85 14
27 86 14
27 87 11
27 88 19
27 89 10
27 90 11
27 91 18
27 92 18
27 93 10
27 94 11
27 95 10
27 96 12
27 97 14
27 98 12
27 99 20
28 29 17
28 30 20
28 31 17
28 32 18
28 33 15
28 34 17
28 35 14
28 36 14
28 37 17
28 38 19
28 39 16
28 40 10
28 41 14
28 42 17
28 43 12
28 44 18
28 45 16
28 46 17
28 47 16
28 48 20
28 49 10
28 50 10
28 51 12
28 52 16
28 53 17
28 54 19
28 55 13
28 56 12
28 57 15
28 58 19
28 59 11
28 60 20
28 61 19
28 62 14
28 63 20
28 64 16
28 65 18
28 66 15
28 67 12
28 68 10
28 69 12
28 70 20
28 71 17
28 72 12
28 73 16
28 74 14
28 75 16
28 76 15
28 77 10
28 78 16
28 79 14
28 80 12
28 81 15
28 82 14
28 83 15
28 84 16
28 85 13
28 86 15
28 87 13
28 88 11
28 89 10
28 90 19
28 91 15
28 92 19
28 93 13
28 94 15
28 95 20
28 96 20
28 97 12
28 98 10
28 99 18
29 30 12
29 31 11
29 32 20
29 33 14
29 34 13
29 35 15
29 36 13
29 37 18
29 38 15
29 39 19
29 40 19
29 41 18
29 42 13
29 43 14
29 44 18
29 45 19
29 46 15
29 47 20
29 48 11
29 49 17
29 50 19
29 51 11
29 52 18
29 53 13
29 54 12
29 55 11
29 56 20
29 57 10
29 58 14
29 59 10
29 60 18
29 61 16
29 62 19
29 63 13
29 64 12
29 65 10
29 66 11
29 67 20
29 68 14
29 69 17
29 70 18
29 71 19
29 72 17
29 73 19
29 74 17
29 75 10
29 76 18
29 77 14
29 78 13
29 79 17
29 80 18
29 81 10
29 82 15
29 83 18
29 84 20
29 85 12
29 86 16
29 87 18
29 88 19
29 89 12
29 90 15
29 91 10
29 92 19
29 93 15
29 94 16
29 95 14
29 96 11
29 97 20
29 98 14
29 99 17
30 31 14
30 32 15
30 33 14
30 34 15
30 35 11
30 36 17
30 37 13
30 38 11
30 39 10
30 40 14
30 41 20
30 42 12
30 43 16
30 44 13
30 45 20
30 46 17
30 47 11
30 48 15
30 49 12
30 50 19
30 51 11
30 52 19
30 53 18
30 54 17
30 55 14
30 56 11
30 57 10
30 58 11
30 59 19
30 60 13
30 61 19
30 62 18
30 63 14
30 64 11
30 65 17
30 66 10
30 67 14
30 68 20
30 69 15
30 70 12
30 71 15
30 72 15
30 73 13
30 74 15
30 75 15
30 76 20
30 77 17
30 78 13
30 79 10
30 80 16
30 81 16
30 82 18
30 83 20
30 84 16
30 85 16
30 86 16
30 87 15
30 88 16
30 89 16
30 90 20
30 91 17
30 92 15
30 93 10
30 94 14
30 95 19
30 96 12
30 97 16
30 98 19
30 99 10
31 32 10
31 33 20
31 34 13
31 35 12
31 36 10
31 37 20
31 38 10
31 39 13
31 40 14
31 41 16
31 42 17
31 43 12
31 44 16
31 45 12
31 46 12
31 47 16
31 48 15
31 49 17
31 50 20
31 51 11
31 52 18
31 53 18
31 54 18
31 55 10
31 56 14
31 57 17
31 58 13
31 59 12
31 60 11
31 61 13
31 62 14
31 63 15
31 64 15
31 65 18
31 66 20
31 67 20
31 68 16
31 69 15
31 70 10
31 71 17
31 72 16
31 73 14
31 74 10
31 75 14
31 76 20
31 77 12
31 78 13
31 79 12
31 80 14
31 81 10
31 82 10
31 83 13
31 84 17
31 85 15
31 86 15
31 87 16
31 88 13
31 89 19
31 90 14
31 91 14
31 92 20
31 93 18
31 94 12
31 95 14
31 96 17
31 97 16
31 98 17
31 99 15
32 33 10
32 34 10
32 35 18
32 36 11
32 37 12
32 38 16
32 39 16
32 40 13
32 41 16
32 42 12
32 43 11
32 44 10
32 45 17
32 46 12
32 47 20
32 48 16
32 49 14
32 50 16
32 51 11
32 52 19
32 53 14
32 54 18
32 55 15
32 56 20
32 57 20
32 58 17
32 59 11
32 60 11
32 61 20
32 62 13
32 63 19
32 64 12
32 65 17
32 66 12
32 67 12
32 68 13
32 69 20
32 70 12
32 71 17
32 72 15
32 73 14
32 74 16
32 75 11
32 76 16
32 77 12
32 78 15
32 79 11
32 80 19
32 81 15
32 82 10
32 83 17
32 84 12
32 85 14
32 86 10
32 87 17
32 88 14
32 89 15
32 90 11
32 91 13
32 92 17
32 93 13
32 94 13
32 95 11
32 96 18
32 97 18
32 98 11
32 99 20
33 34 11
33 35 17
33 36 15
33 37 16
33 38 10
33 39 13
33 40 15
33 41 15
33 42 12
33 43 19
33 44 19
33 45 19
33 46 11
33 47 11
33 48 13
33 49 18
33 50 12
33 51 14
33 52 14
33 53 11
33 54 12
33 55 20
33 56 15
33 57 11
33 58 10
33 59 14
33 60 18
33 61 13
33 62 19
33 63 13
33 64 18
33 65 13
33 66 17
33 67 14
33 68 11
33 69 18
33 70 11
33 71 17
33 72 14
33 73 10
33 74 18
33 75 20
33 76 16
33 77 10
33 78 15
33 79 10
33 80 18
33 81 14
33 82 17
33 83 11
33 84 18
33 85 11
33 86 16
33 87 11
33 88 20
33 89 11
33 90 11
33 91 17
33 92 20
33 93 15
33 94 15
33 95 18
33 96 20
33 97 15
33 98 11
33 99 20
34 35 19
34 36 18
34 37 15
34 38 14
34 39 16
34 40 10
34 41 17
34 42 12
34 43 13
34 44 15
34 45 16
34 46 10
34 47 17
34 48 20
34 49 15
34 50 13
34 51 13
34 52 20
34 53 15
34 54 14
34 55 16
34 56 13
34 57 19
34 58 18
34 59 14
34 60 20
34 61 11
34 62 18
34 63 15
34 64 15
34 65 12
34 66 19
34 67 16
34 68 13
34 69 19
34 70 17
34 71 20
34 72 15
34 73 13
34 74 15
34 75 13
34 76 14
34 77 16
34 78 20
34 79 10
34 80 17
34 81 12
34 82 19
34 83 16
34 84 14
34 85 18
34 86 10
34 87 19
34 88 20
34 89 11
34 90 18
34 91 18
34 92 20
34 93 14
34 94 15
34 95 17
34 96 14
34 97 15
34 98 17
34 99 10
35 36 19
35 37 19
35 38 15
35 39 12
35 40 12
35 41 14
35 42 14
35 43 15
35 44 17
35 45 18
35 46 17
35 47 18
35 48 17
35 49 14
35 50 10
35 51 14
35 52 18
35 53 14
35 54 10
35 55 16
35 56 13
35 57 10
35 58 20
35 59 16
35 60 19
35 61 19
35 62 13
35 63 14
35 64 16
35 65 12
35 66 18
35 67 17
35 68 13
35 69 11
35 70 10
35 71 19
35 72 10
35 73 12
35 74 10
35 75 13
35 76 17
35 77 13
35 78 11
35 79 19
35 80 14
35 81 12
35 82 18
35 83 11
35 84 15
35 85 12
35 86 17
35 87 10
35 88 10
35 89 19
35 90 16
35 91 19
35 92 16
35 93 10
35 94 19
35 95 20
35 96 17
35 97 17
35 98 16
35 99 16
36 37 20
36 38 20
36 39 20
36 40 13
36 41 20
36 42 12
36 43 18
36 44 10
36 45 11
36 46 11
36 47 10
36 48 17
36 49 13
36 50 19
36 51 11
36 52 11
36 53 15
36 54 18
36 55 11
36 56 14
36 57 11
36 58 19
36 59 16
36 60 11
36 61 10
36 62 16
36 63 16
36 64 19
36 65 20
36 66 20
36 67 12
36 68 16
36 69 14
36 70 17
36 71 14
36 72 14
36 73 11
36 74 15
36 75 19
36 76 12
36 77 11
36 78 14
36 79 16
36 80 14
36 81 20
36 82 19
36 83 14
36 84 19
36 85 12
36 86 15
36 87 18
36 88 14
36 89 12
36 90 12
36 91 13
36 92 10
36 93 17
36 94 10
36 95 10
36 96 14
36 97 20
36 98 12
36 99 17
37 38 18
37 39 12
37 40 20
37 41 15
37 42 15
37 43 11
37 44 15
37 45 17
37 46 10
37 47 19
37 48 17
37 49 12
37 50 19
37 51 11
37 52 10
37 53 14
37 54 11
37 55 20
37 56 10
37 57 14
37 58 17
37 59 16
37 60 15
37 61 13
37 62 18
37 63 18
37 64 19
37 65 19
37 66 20
37 67 18
37 68 13
37 69 17
37 70 10
37 71 17
37 72 12
37 73 15
37 74 12
37 75 20
37 76 11
37 77 10
37 78 14
37 79 17
37 80 14
37 81 13
37 82 18
37 83 14
37 84 20
37 85 20
37 86 11
37 87 14
37 88 12
37 89 14
37 90 16
37 91 14
37 92 13
37 93 18
37 94 14
37 95 19
37 96 16
37 97 17
37 98 14
37 99 13
38 39 13
38 40 14
38 41 15
38 42 15
38 43 20
38 44 11
38 45 15
38 46 12
38 47 17
38 48 20
38 49 12
38 50 19
38 51 19
38 52 19
38 53 11
38 54 13
38 55 14
38 56 17
38 57 16
38 58 14
38 59 20
38 60 14
38 61 18
38 62 16
38 63 12
38 64 20
38 65 18
38 66 18
38 67 17
38 68 13
38 69 15
38 70 18
38 71 13
38 72 11
38 73 19
38 74 10
38 75 12
38 76 10
38 77 18
38 78 16
38 79 12
38 80 17
38 81 13
38 82 10
38 83 17
38 84 10
38 85 18
38 86 11
38 87 17
38 88 11
38 89 17
38 90 20
38 91 19
38 92 18
38 93 10
38 94 14
38 95 18
38 96 20
38 97 20
38 98 11
38 99 13
39 40 13
39 41 19
39 42 19
39 43 15
39 44 17
39 45 18
39 46 20
39 47 17
39 48 15
39 49 17
39 50 20
39 51 17
39 52 19
39 53 18
39 54 10
39 55 15
39 56 12
39 57 19
39 58 20
39 59 10
39 60 17
39 61 18
39 62 12
39 63 16
39 64 11
39 65 17
39 66 14
39 67 16
39 68 20
39 69 11
39 70 20
39 71 20
39 72 13
39 73 11
39 74 20
39 75 16
39 76 10
39 77 14
39 78 15
39 79 14
39 80 13
39 81 18
39 82 14
39 83 19
39 84 20
39 85 16
39 86 15
39 87 16
39 88 11
39 89 17
39 90 18
39 91 20
39 92 17
39 93 10
39 94 17
39 95 12
39 96 19
39 97 20
39 98 19
39 99 14
40 41 12
40 42 11
40 43 15
40 44 16
40 45 14
40 46 13
40 47 15
40 48 10
40 49 15
40 50 19
40 51 19
40 52 16
40 53 17
40 54 20
40 55 19
40 56 12
40 57 13
40 58 10
40 59 16
40 60 14
40 61 13
40 62 11
40 63 19
40 64 19
40 65 20
40 66 16
40 67 20
40 68 10
40 69 18
40 70 18
40 71 15
40 72 13
40 73 20
40 74 12
40 75 20
40 76 20
40 77 17
40 78 20
40 79 13
40 80 19
40 81 19
40 82 11
40 83 11
40 84 10
40 85 20
40 86 18
40 87 17
40 88 13
40 89 20
40 90 16
40 91 10
40 92 14
40 93 13
40 94 12
40 95 15
40 96 14
40 97 10
40 98 17
40 99 15
41 42 19
41 43 19
41 44 17
41 45 10
41 46 15
41 47 14
41 48 10
41 49 12
41 50 20
41 51 14
41 52 13
41 53 12
41 54 17
41 55 13
41 56 20
41 57 18
41 58 14
41 59 12
41 60 14
41 61 19
41 62 15
41 63 13
41 64 16
41 65 19
41 66 12
41 67 20
41 68 16
41 69 18
41 70 12
41 71 19
41 72 18
41 73 19
41 74 13
41 75 13
41 76 14
41 77 11
41 78 11
41 79 13
41 80 18
41 81 15
41 82 20
41 83 20
41 84 11
41 85 11
41 86 16
41 87 12
41 88 20
41 89 10
41 90 13
41 91 19
41 92 18
41 93 19
41 94 12
41 95 19
41 96 19
41 97 15
41 98 20
41 99 12
42 43 17
42 44 12
42 45 20
42 46 11
42 47 20
42 48 17
42 49 11
42 50 10
42 51 19
42 52 13
42 53 15
42 54 18
42 55 10
42 56 12
42 57 14
42 58 16
42 59 12
42 60 10
42 61 12
42 62 12
42 63 11
42 64 20
42 65 11
42 66 10
42 67 12
42 68 12
42 69 20
42 70 16
42 71 18
42 72 13
42 73 16
42 74 10
42 75 10
42 76 16
42 77 14
42 78 18
42 79 19
42 80 17
42 81 17
42 82 12
42 83 17
42 84 20
42 85 16
42 86 17
42 87 10
42 88 10
42 89 15
42 90 12
42 91 17
42 92 11
42 93 14
42 94 12
42 95 12
42 96 16
42 97 18
42 98 11
42 99 11
43 44 13
43 45 12
43 46 16
43 47 19
43 48 15
43 49 11
43 50 10
43 51 16
43 52 19
43 53 18
43 54 18
43 55 10
43 56 16
43 57 18
43 58 14
43 59 12
43 60 19
43 61 20
43 62 10
43 63 12
43 64 15
43 65 13
43 66 12
43 67 19
43 68 12
43 69 14
43 70 10
43 71 13
43 72 17
43 73 10
43 74 13
43 75 19
43 76 16
43 77 16
43 78 18
43 79 11
43 80 11
43 81 19
43 82 11
43 83 18
43 84 10
43 85 17
43 86 10
43 87 12
43 88 12
43 89 11
43 90 13
43 91 19
43 92 19
43 93 15
43 94 10
43 95 13
43 96 18
43 97 20
43 98 12
43 99 15
44 45 11
44 46 10
44 47 16
44 48 19
44 49 19
44 50 13
44 51 17
44 52 12
44 53 16
44 54 13
44 55 11
44 56 19
44 57 13
44 58 17
44 59 17
44 60 15
44 61 12
44 62 18
44 63 18
44 64 15
44 65 11
44 66 20
44 67 13
44 68 18
44 69 18
44 70 16
44 71 10
44 72 12
44 73 12
44 74 10
44 75 13
44 76 12
44 77 18
44 78 17
44 79 16
44 80 11
44 81 14
44 82 20
44 83 11
44 84 13
44 85 18
44 86 16
44 87 18
44 88 16
44 89 12
44 90 13
44 91 17
44 92 18
44 93 14
44 94 15
44 95 11
44 96 14
44 97 14
44 98 11
44 99 10
45 46 17
45 47 19
45 48 13
45 49 19
45 50 16
45 51 19
45 52 15
45 53 16
45 54 15
45 55 15
45 56 18
45 57 10
45 58 17
45 59 18
45 60 11
45 61 19
45 62 18
45 63 19
45 64 17
45 65 19
45 66 14
45 67 16
45 68 17
45 69 14
45 70 13
45 71 17
45 72 18
45 73 15
45 74 12
45 75 11
45 76 10
45 77 15
45 78 13
45 79 17
45 80 13
45 81 13
45 82 18
45 83 17
45 84 15
45 85 14
45 86 12
45 87 20
45 88 17
45 89 12
45 90 17
45 91 16
45 92 14
45 93 13
45 94 16
45 95 10
45 96 10
45 97 13
45 98 16
45 99 15
46 47 20
46 48 15
46 49 16
46 50 19
46 51 15
46 52 10
46 53 16
46 54 11
46 55 16
46 56 14
46 57 17
46 58 18
46 59 12
46 60 19
46 61 18
46 62 18
46 63 14
46 64 11
46 65 12
46 66 12
46 67 12
46 68 20
46 69 15
46 70 19
46 71 11
46 72 20
46 73 18
46 74 20
46 75 13
46 76 14
46 77 16
46 78 14
46 79 19
46 80 16
46 81 12
46 82 16
46 83 13
46 84 17
46 85 12
46 86 16
46 87 12
46 88 15
46 89 18
46 90 17
46 91 15
46 92 20
46 93 10
46 94 19
46 95 15
46 96 10
46 97 17
46 98 10
46 99 19
47 48 17
47 49 17
47 50 11
47 51 19
47 52 14
47 53 14
47 54 15
47 55 17
47 56 10
47 57 18
47 58 16
47 59 18
47 60 12
47 61 20
47 62 18
47 63 15
47 64 18
47 65 15
47 66 16
47 67 20
47 68 18
47 69 18
47 70 12
47 71 20
47 72 10
47 73 13
47 74 20
47 75 15
47 76 19
47 77 18
47 78 13
47 79 11
47 80 10
47 81 11
47 82 13
47 83 20
47 84 10
47 85 14
47 86 14
47 87 14
47 88 19
47 89 20
47 90 17
47 91 11
47 92 11
47 93 19
47 94 13
47 95 18
47 96 12
47 97 16
47 98 15
47 99 18
48 49 11
48 50 14
48 51 14
48 52 14
48 53 14
48 54 11
48 55 11
48 56 18
48 57 14
48 58 14
48 59 10
48 60 16
48 61 14
48 62 15
48 63 20
48 64 18
48 65 20
48 66 12
48 67 14
48 68 17
48 69 12
48 70 10
48 71 12
48 72 15
48 73 19
48 74 19
48 75 16
48 76 18
48 77 17
48 78 13
48 79 15
48 80 12
48 81 11
48 82 20
48 83 18
48 84 16
48 85 11
48 86 18
48 87 20
48 88 17
48 89 19
48 90 19
48 91 19
48 92 20
48 93 10
48 94 10
48 95 18
48 96 17
48 97 11
48 98 16
48 99 20
49 50 11
49 51 17
49 52 16
49 53 19
49 54 15
49 55 18
49 56 20
49 57 16
49 58 16
49 59 13
49 60 17
49 61 19
49 62 16
49 63 14
49 64 16
49 65 20
49 66 16
49 67 16
49 68 16
49 69 12
49 70 16
49 71 13
49 72 18
49 73 19
49 74 12
49 75 18
49 76 19
49 77 15
49 78 12
49 79 13
49 80 15
49 81 18
49 82 20
49 83 15
49 84 18
49 85 14
49 86 18
49 87 11
49 88 14
49 89 18
49 90 11
49 91 17
49 92 14
49 93 17
49 94 16
49 95 13
49 96 18
49 97 19
49 98 14
49 99 17
50 51 15
50 52 17
50 53 18
50 54 11
50 55 14
50 56 20
50 57 18
50 58 17
50 59 20
50 60 13
50 61 18
50 62 15
50 63 17
50 64 13
50 65 12
50 66 11
50 67 14
50 68 17
50 69 14
50 70 18
50 71 19
50 72 17
50 73 10
50 74 12
50 75 19
50 76 19
50 77 12
50 78 20
50 79 10
50 80 13
50 81 19
50 82 18
50 83 19
50 84 12
50 85 20
50 86 17
50 87 13
50 88 16
50 89 19
50 90 19
50 91 11
50 92 19
50 93 11
50 94 11
50 95 11
50 96 17
50 97 12
50 98 19
50 99 14
51 52 13
51 53 17
51 54 11
51 55 20
51 56 11
51 57 18
51 58 14
51 59 20
51 60 12
51 61 11
51 62 13
51 63 17
51 64 19
51 65 11
51 66 13
51 67 13
51 68 14
51 69 16
51 70 18
51 71 11
51 72 12
51 73 20
51 74 15
51 75 19
51 76 18
51 77 19
51 78 18
51 79 20
51 80 17
51 81 18
51 82 11
51 83 18
51 84 13
51 85 18
51 86 18
51 87 17
51 88 18
51 89 11
51 90 15
51 91 11
51 92 13
51 93 15
51 94 15
51 95 17
51 96 18
51 97 15
51 98 20
51 99 10
52 53 15
52 54 11
52 55 19
52 56 16
52 57 10
52 58 10
52 59 18
52 60 14
52 61 19
52 62 16
52 63 18
52 64 20
52 65 15
52 66 11
52 67 10
52 68 13
52 69 16
52 70 17
52 71 18
52 72 15
52 73 13
52 74 13
52 75 10
52 76 13
52 77 20
52 78 16
52 79 16
52 80 18
52 81 17
52 82 20
52 83 16
52 84 20
52 85 15
52 86 13
52 87 13
52 88 19
52 89 12
52 90 12
52 91 19
52 92 10
52 93 15
52 94 13
52 95 11
52 96 18
52 97 20
52 98 17
52 99 17
53 54 15
53 55 11
53 56 17
53 57 12
53 58 14
53 59 17
53 60 12
53 61 13
53 62 11
53 63 11
53 64 17
53 65 16
53 66 16
53 67 13
53 68 11
53 69 18
53 70 16
53 71 13
53 72 12
53 73 20
53 74 18
53 75 13
53 76 20
53 77 13
53 78 20
53 79 14
53 80 15
53 81 14
53 82 11
53 83 20
53 84 17
53 85 17
53 86 11
53 87 14
53 88 12
53 89 18
53 90 18
53 91 12
53 92 16
53 93 13
53 94 14
53 95 20
53 96 12
53 97 10
53 98 13
53 99 17
54 55 12
54 56 12
54 57 10
54 58 17
54 59 11
54 60 10
54 61 17
54 62 13
54 63 14
54 64 19
54 65 10
54 66 16
54 67 15
54 68 12
54 69 17
54 70 13
54 71 11
54 72 20
54 73 15
54 74 15
54 75 15
54 76 16
54 77 20
54 78 17
54 79 14
54 80 15
54 81 13
54 82 20
54 83 17
54 84 14
54 85 19
54 86 11
54 87 14
54 88 14
54 89 18
54 90 17
54 91 12
54 92 20
54 93 15
54 94 18
54 95 18
54 96 10
54 97 19
54 98 12
54 99 12
55 56 20
55 57 15
55 58 14
55 59 12
55 60 17
55 61 16
55 62 18
55 63 17
55 64 11
55 65 20
55 66 10
55 67 18
55 68 11
55 69 16
55 70 17
55 71 11
55 72 18
55 73 13
55 74 16
55 75 19
55 76 20
55 77 16
55 78 20
55 79 14
55 80 19
55 81 14
55 82 20
55 83 14
55 84 19
55 85 10
55 86 10
55 87 19
55 88 17
55 89 18
55 90 15
55 91 18
55 92 17
55 93 10
55 94 18
55 95 10
55 96 13
55 97 16
55 98 19
55 99 17
56 57 19
56 58 15
56 59 19
56 60 14
56 61 15
56 62 10
56 63 12
56 64 18
56 65 10
56 66 14
56 67 13
56 68 11
56 69 16
56 70 15
56 71 13
56 72 20
56 73 17
56 74 13
56 75 16
56 76 17
56 77 14
56 78 15
56 79 15
56 80 15
56 81 16
56 82 14
56 83 13
56 84 10
56 85 15
56 86 10
56 87 16
56 88 12
56 89 12
56 90 19
56 91 11
56 92 19
56 93 18
56 94 19
56 95 18
56 96 19
56 97 14
56 98 14
56 99 17
57 58 20
57 59 13
57 60 20
57 61 16
57 62 19
57 63 13
57 64 15
57 65 16
57 66 11
57 67 15
57 68 10
57 69 13
57 70 18
57 71 17
57 72 15
57 73 15
57 74 17
57 75 10
57 76 19
57 77 19
57 78 13
57 79 20
57 80 10
57 81 18
57 82 17
57 83 16
57 84 11
57 85 12
57 86 12
57 87 18
57 88 13
57 89 18
57 90 19
57 91 13
57 92 11
57 93 11
57 94 17
57 95 14
57 96 11
57 97 13
57 98 20
57 99 15
58 59 19
58 60 17
58 61 14
58 62 14
58 63 19
58 64 13
58 65 15
58 66 10
58 67 17
58 68 10
58 69 19
58 70 15
58 71 14
58 72 20
58 73 13
58 74 17
58 75 19
58 76 12
58 77 16
58 78 16
58 79 11
58 80 11
58 81 14
58 82 19
58 83 16
58 84 19
58 85 20
58 86 10
58 87 12
58 88 18
58 89 11
58 90 12
58 91 20
58 92 16
58 93 10
58 94 19
58 95 13
58 96 10
58 97 17
58 98 20
58 99 12
59 60 10
59 61 17
59 62 18
59 63 16
59 64 18
59 65 18
59 66 11
59 67 13
59 68 16
59 69 15
59 70 10
59 71 18
59 72 18
59 73 18
59 74 17
59 75 16
59 76 16
59 77 12
59 78 15
59 79 19
59 80 12
59 81 11
59 82 13
59 83 12
59 84 17
59 85 20
59 86 16
59 87 11
59 88 17
59 89 15
59 90 13
59 91 17
59 92 12
59 93 17
59 94 14
59 95 12
59 96 11
59 97 15
59 98 17
59 99 18
60 61 19
60 62 19
60 63 20
60 64 15
60 65 15
60 66 16
60 67 20
60 68 15
60 69 16
60 70 16
60 71 11
60 72 15
60 73 13
60 74 15
60 75 18
60 76 14
60 77 17
60 78 16
60 79 20
60 80 19
60 81 20
60 82 15
60 83 11
60 84 19
60 85 10
60 86 11
60 87 16
60 88 16
60 89 17
60 90 11
60 91 13
60 92 19
60 93 20
60 94 19
60 95 14
60 96 11
60 97 17
60 98 18
60 99 18
61 62 12
61 63 20
61 64 20
61 65 11
61 66 12
61 67 20
61 68 13
61 69 16
61 70 19
61 71 17
61 72 19
61 73 19
61 74 15
61 75 10
61 76 12
61 77 20
61 78 13
61 79 17
61 80 10
61 81 11
61 82 17
61 83 10
61 84 13
61 85 18
61 86 18
61 87 15
61 88 18
61 89 18
61 90 19
61 91 16
61 92 11
61 93 17
61 94 16
61 95 12
61 96 12
61 97 11
61 98 15
61 99 19
62 63 20
62 64 11
62 65 20
62 66 10
62 67 18
62 68 10
62 69 15
62 70 12
62 71 10
62 72 18
62 73 20
62 74 19
62 75 19
62 76 18
62 77 13
62 78 17
62 79 11
62 80 12
62 81 15
62 82 10
62 83 17
62 84 11
62 85 10
62 86 15
62 87 18
62 88 10
62 89 20
62 90 20
62 91 17
62 92 16
62 93 10
62 94 10
62 95 19
62 96 19
62 97 15
62 98 12
62 99 18
63 64 19
63 65 12
63 66 19
63 67 12
63 68 14
63 69 19
63 70 11
63 71 10
63 72 14
63 73 11
63 74 20
63 75 20
63 76 16
63 77 12
63 78 15
63 79 20
63 80 20
63 81 11
63 82 12
63 83 19
63 84 11
63 85 14
63 86 16
63 87 15
63 88 16
63 89 15
63 90 16
63 91 13
63 92 10
63 93 16
63 94 12
63 95 16
63 96 15
63 97 10
63 98 14
63 99 18
64 65 14
64 66 20
64 67 14
64 68 12
64 69 14
64 70 20
64 71 16
64 72 19
64 73 17
64 74 13
64 75 11
64 76 17
64 77 18
64 78 12
64 79 20
64 80 12
64 81 10
64 82 12
64 83 19
64 84 11
64 85 18
64 86 16
64 87 10
64 88 19
64 89 20
64 90 20
64 91 16
64 92 18
64 93 10
64 94 18
64 95 12
64 96 19
64 97 12
64 98 15
64 99 10
65 66 11
65 67 11
65 68 14
65 69 18
65 70 20
65 71 12
65 72 16
65 73 19
65 74 14
65 75 11
65 76 10
65 77 16
65 78 16
65 79 20
65 80 17
65 81 12
65 82 19
65 83 16
65 84 15
65 85 20
65 86 18
65 87 17
65 88 18
65 89 20
65 90 19
65 91 20
65 92 19
65 93 18
65 94 12
65 95 18
65 96 17
65 97 19
65 98 18
65 99 14
66 67 12
66 68 11
66 69 14
66 70 20
66 71 17
66 72 20
66 73 11
66 74 10
66 75 10
66 76 18
66 77 19
66 78 18
66 79 15
66 80 11
66 81 18
66 82 14
66 83 16
66 84 13
66 85 11
66 86 20
66 87 17
66 88 19
66 89 14
66 90 18
66 91 11
66 92 13
66 93 17
66 94 15
66 95 12
66 96 13
66 97 16
66 98 14
66 99 18
67 68 13
67 69 14
67 70 11
67 71 18
67 72 10
67 73 17
67 74 13
67 75 19
67 76 10
67 77 17
67 78 20
67 79 15
67 80 12
67 81 20
67 82 20
67 83 17
67 84 12
67 85 12
67 86 16
67 87 18
67 88 14
67 89 18
67 90 19
67 91 16
67 92 15
67 93 17
67 94 11
67 95 16
67 96 11
67 97 19
67 98 13
67 99 17
68 69 12
68 70 19
68 71 11
68 72 14
68 73 20
68 74 13
68 75 16
68 76 15
68 77 15
68 78 18
68 79 13
68 80 15
68 81 15
68 82 15
68 83 11
68 84 17
68 85 17
68 86 14
68 87 16
68 88 17
68 89 12
68 90 10
68 91 17
68 92 13
68 93 10
68 94 19
68 95 12
68 96 12
68 97 19
68 98 17
68 99 20
69 70 14
69 71 16
69 72 20
69 73 19
69 74 14
69 75 18
69 76 12
69 77 10
69 78 11
69 79 17
69 80 15
69 81 12
69 82 18
69 83 12
69 84 15
69 85 14
69 86 14
69 87 14
69 88 16
69 89 17
69 90 15
69 91 20
69 92 19
69 93 17
69 94 15
69 95 13
69 96 20
69 97 12
69 98 13
69 99 15
70 71 16
70 72 13
70 73 14
70 74 12
70 75 16
70 76 18
70 77 11
70 78 20
70 79 13
70 80 19
70 81 12
70 82 17
70 83 10
70 84 20
70 85 20
70 86 20
70 87 16
70 88 11
70 89 15
70 90 19
70 91 16
70 92 13
70 93 13
70 94 10
70 95 11
70 96 19
70 97 19
70 98 17
70 99 17
71 72 10
71 73 16
71 74 19
71 75 14
71 76 18
71 77 17
71 78 12
71 79 10
71 80 19
71 81 10
71 82 20
71 83 15
71 84 19
71 85 15
71 86 16
71 87 20
71 88 15
71 89 12
71 90 11
71 91 10
71 92 11
71 93 18
71 94 12
71 95 17
71 96 20
71 97 17
71 98 18
71 99 10
72 73 11
72 74 13
72 75 10
72 76 12
72 77 14
72 78 18
72 79 18
72 80 18
72 81 11
72 82 12
72 83 19
72 84 13
72 85 13
72 86 18
72 87 15
72 88 16
72 89 19
72 90 19
72 91 17
72 92 12
72 93 11
72 94 11
72 95 16
72 96 12
72 97 14
72 98 10
72 99 20
73 74 15
73 75 14
73 76 15
73 77 12
73 78 12
73 79 17
73 80 10
73 81 20
73 82 17
73 83 18
73 84 14
73 85 12
73 86 15
73 87 17
73 88 18
73 89 11
73 90 19
73 91 20
73 92 11
73 93 17
73 94 20
73 95 15
73 96 16
73 97 11
73 98 16
73 99 13
74 75 14
74 76 12
74 77 14
74 78 19
74 79 15
74 80 12
74 81 13
74 82 11
74 83 17
74 84 14
74 85 16
74 86 19
74 87 15
74 88 10
74 89 14
74 90 20
74 91 10
74 92 20
74 93 11
74 94 13
74 95 12
74 96 20
74 97 19
74 98 20
74 99 14
75 76 18
75 77 18
75 78 11
75 79 11
75 80 15
75 81 12
75 82 14
75 83 11
75 84 20
75 85 19
75 86 13
75 87 18
75 88 18
75 89 19
75 90 15
75 91 17
75 92 12
75 93 12
75 94 15
75 95 19
75 96 19
75 97 10
75 98 12
75 99 19
76 77 18
76 78 16
76 79 12
76 80 17
76 81 16
76 82 19
76 83 16
76 84 20
76 85 17
76 86 16
76 87 18
76 88 13
76 89 18
76 90 20
76 91 17
76 92 11
76 93 17
76 94 11
76 95 20
76 96 17
76 97 14
76 98 18
76 99 10
77 78 18
77 79 14
77 80 17
77 81 13
77 82 17
77 83 12
77 84 11
77 85 17
77 86 13
77 87 13
77 88 18
77 89 10
77 90 15
77 91 18
77 92 13
77 93 10
77 94 18
77 95 10
77 96 15
77 97 19
77 98 19
77 99 12
78 79 15
78 80 11
78 81 16
78 82 11
78 83 20
78 84 14
78 85 19
78 86 20
78 87 17
78 88 10
78 89 13
78 90 10
78 91 15
78 92 16
78 93 12
78 94 16
78 95 14
78 96 13
78 97 20
78 98 17
78 99 18
79 80 15
79 81 19
79 82 12
79 83 12
79 84 11
79 85 13
79 86 20
79 87 14
79 88 19
79 89 12
79 90 18
79 91 17
79 92 18
79 93 16
79 94 18
79 95 19
79 96 19
79 97 16
79 98 18
79 99 10
80 81 11
80 82 11
80 83 10
80 84 17
80 85 20
80 86 17
80 87 18
80 88 12
80 89 12
80 90 15
80 91 13
80 92 18
80 93 13
80 94 15
80 95 14
80 96 18
80 97 10
80 98 17
80 99 10
81 82 14
81 83 15
81 84 18
81 85 13
81 86 13
81 87 13
81 88 12
81 89 12
81 90 17
81 91 18
81 92 18
81 93 12
81 94 11
81 95 18
81 96 16
81 97 15
81 98 16
81 99 20
82 83 17
82 84 11
82 85 12
82 86 14
82 87 12
82 88 13
82 89 12
82 90 19
82 91 20
82 92 17
82 93 16
82 94 11
82 95 19
82 96 13
82 97 20
82 98 10
82 99 18
83 84 12
83 85 14
83 86 16
83 87 15
83 88 11
83 89 17
83 90 13
83 91 12
83 92 12
83 93 14
83 94 10
83 95 18
83 96 15
83 97 16
83 98 11
83 99 16
84 85 12
84 86 16
84 87 15
84 88 18
84 89 17
84 90 13
84 91 15
84 92 19
84 93 11
84 94 11
84 95 17
84 96 19
84 97 19
84 98 12
84 99 18
85 86 15
85 87 12
85 88 17
85 89 13
85 90 15
85 91 10
85 92 10
85 93 19
85 94 14
85 95 13
85 96 10
85 97 17
85 98 10
85 99 20
86 87 12
86 88 19
86 89 13
86 90 17
86 91 18
86 92 18
86 93 13
86 94 12
86 95 14
86 96 18
86 97 10
86 98 16
86 99 12
87 88 16
87 89 16
87 90 15
87 91 16
87 92 10
87 93 14
87 94 14
87 95 16
87 96 13
87 97 19
87 98 20
87 99 16
88 89 17
88 90 19
88 91 18
88 92 15
88 93 18
88 94 13
88 95 13
88 96 15
88 97 10
88 98 15
88 99 15
89 90 18
89 91 16
89 92 12
89 93 19
89 94 13
89 95 13
89 96 17
89 97 16
89 98 12
89 99 20
90 91 18
90 92 16
90 93 10
90 94 10
90 95 18
90 96 13
90 97 10
90 98 17
90 99 13
91 92 12
91 93 18
91 94 11
91 95 17
91 96 15
91 97 16
91 98 13
91 99 19
92 93 16
92 94 16
92 95 11
92 96 12
92 97 12
92 98 12
92 99 15
93 94 12
93 95 10
93 96 20
93 97 13
93 98 18
93 99 19
94 95 18
94 96 18
94 97 14
94 98 11
94 99 12
95 96 19
95 97 18
95 98 12
95 99 20
96 97 18
96 98 19
96 99 12
97 98 18
97 99 19
98 99 19
