0 1 21
0 2 20
0 3 18
0 4 20
0 5 20
0 6 19
0 7 17
0 8 19
0 9 21
0 10 18
0 11 18
0 12 22
0 13 20
0 14 20
0 15 18
0 16 20
0 17 19
0 18 19
0 19 18
0 20 22
0 21 21
0 22 19
0 23 23
0 24 24
0 25 26
0 26 20
0 27 17
0 28 18
0 29 22
0 30 15
0 31 17
0 32 24
0 33 21
0 34 23
0 35 14
0 36 19
0 37 18
0 38 22
0 39 20
0 40 16
0 41 18
0 42 16
0 43 16
0 44 14
0 45 15
0 46 20
0 47 19
0 48 20
0 49 20
0 50 18
0 51 22
0 52 13
0 53 18
0 54 18
0 55 18
0 56 22
0 57 22
0 58 21
0 59 17
0 60 18
0 61 20
0 62 21
0 63 19
0 64 19
0 65 18
0 66 21
0 67 15
0 68 19
0 69 23
0 70 17
0 71 27
0 72 19
0 73 18
0 74 18
0 75 18
0 76 20
0 77 23
0 78 19
0 79 20
0 80 19
0 81 21
0 82 21
0 83 19
0 84 22
0 85 19
0 86 23
0 87 18
0 88 20
0 89 22
0 90 21
0 91 22
0 92 21
0 93 23
0 94 20
0 95 24
0 96 22
0 97 12
0 98 24
0 99 19
1 2 23
1 3 20
1 4 17
1 5 17
1 6 23
1 7 26
1 8 18
1 9 15
1 10 22
1 11 18
1 12 17
1 13 20
1 14 21
1 15 20
1 16 19
1 17 16
1 18 19
1 19 22
1 20 23
1 21 24
1 22 17
1 23 18
1 24 21
1 25 23
1 26 19
1 27 16
1 28 16
1 29 19
1 30 20
1 31 22
1 32 23
1 33 16
1 34 24
1 35 19
1 36 11
1 37 18
1 38 17
1 39 20
1 40 19
1 41 13
1 42 19
1 43 18
1 44 19
1 45 16
1 46 19
1 47 15
1 48 24
1 49 18
1 50 22
1 51 17
1 52 19
1 53 18
1 54 22
1 55 21
1 56 19
1 57 20
1 58 21
1 59 26
1 60 19
1 61 21
1 62 23
1 63 22
1 64 21
1 65 17
1 66 23
1 67 24
1 68 17
1 69 14
1 70 18
1 71 15
1 72 20
1 73 20
1 74 17
1 75 21
1 76 16
1 77 16
1 78 20
1 79 20
1 80 23
1 81 22
1 82 23
1 83 24
1 84 16
1 85 17
1 86 17
1 87 19
1 88 18
1 89 25
1 90 21
1 91 17
1 92 23
1 93 17
1 94 21
1 95 20
1 96 17
1 97 20
1 98 14
1 99 23
2 3 27
2 4 22
2 5 21
2 6 14
2 7 19
2 8 21
2 9 23
2 10 15
2 11 24
2 12 21
2 13 21
2 14 21
2 15 17
2 16 20
2 17 19
2 18 18
2 19 20
2 20 13
2 21 16
2 22 18
2 23 23
2 24 19
2 25 23
2 26 17
2 27 19
2 28 18
2 29 16
2 30 21
2 31 18
2 32 21
2 33 19
2 34 24
2 35 20
2 36 19
2 37 16
2 38 30
2 39 22
2 40 23
2 41 24
2 42 21
2 43 18
2 44 22
2 45 17
2 46 25
2 47 16
2 48 20
2 49 17
2 50 12
2 51 15
2 52 18
2 53 22
2 54 19
2 55 19
2 56 19
2 57 21
2 58 17
2 59 21
2 60 17
2 61 17
2 62 20
2 63 20
2 64 14
2 65 19
2 66 25
2 67 17
2 68 18
2 69 25
2 70 17
2 71 20
2 72 22
2 73 21
2 74 17
2 75 19
2 76 22
2 77 26
2 78 26
2 79 22
2 80 15
2 81 22
2 82 22
2 83 22
2 84 20
2 85 16
2 86 17
2 87 22
2 88 20
2 89 21
2 90 20
2 91 20
2 92 20
2 93 19
2 94 20
2 95 19
2 96 17
2 97 16
2 98 26
2 99 21
3 4 19
3 5 13
3 6 17
3 7 20
3 8 20
3 9 21
3 10 17
3 11 15
3 12 20
3 13 20
3 14 18
3 15 21
3 16 20
3 17 22
3 18 18
3 19 17
3 20 17
3 21 18
3 22 23
3 23 19
3 24 21
3 25 20
3 26 19
3 27 13
3 28 22
3 29 22
3 30 22
3 31 17
3 32 23
3 33 20
3 34 19
3 35 22
3 36 21
3 37 19
3 38 22
3 39 15
3 40 17
3 41 18
3 42 23
3 43 22
3 44 21
3 45 19
3 46 22
3 47 22
3 48 20
3 49 19
3 50 20
3 51 18
3 52 21
3 53 20
3 54 13
3 55 21
3 56 19
3 57 19
3 58 21
3 59 22
3 60 23
3 61 22
3 62 15
3 63 25
3 64 22
3 65 14
3 66 20
3 67 23
3 68 19
3 69 18
3 70 22
3 71 20
3 72 15
3 73 23
3 74 20
3 75 19
3 76 26
3 77 22
3 78 19
3 79 21
3 80 21
3 81 14
3 82 15
3 83 16
3 84 23
3 85 15
3 86 19
3 87 23
3 88 22
3 89 19
3 90 15
3 91 15
3 92 22
3 93 17
3 94 17
3 95 23
3 96 22
3 97 20
3 98 20
3 99 15
4 5 24
4 6 22
4 7 17
4 8 17
4 9 23
4 10 22
4 11 19
4 12 18
4 13 19
4 14 19
4 15 20
4 16 22
4 17 20
4 18 17
4 19 26
4 20 14
4 21 20
4 22 20
4 23 19
4 24 14
4 25 23
4 26 17
4 27 20
4 28 17
4 29 30
4 30 27
4 31 18
4 32 18
4 33 20
4 34 19
4 35 22
4 36 20
4 37 22
4 38 22
4 39 17
4 40 17
4 41 18
4 42 19
4 43 12
4 44 18
4 45 17
4 46 24
4 47 16
4 48 16
4 49 18
4 50 17
4 51 20
4 52 21
4 53 21
4 54 20
4 55 20
4 56 14
4 57 22
4 58 14
4 59 17
4 60 23
4 61 20
4 62 18
4 63 22
4 64 20
4 65 24
4 66 17
4 67 23
4 68 24
4 69 21
4 70 22
4 71 23
4 72 25
4 73 20
4 74 19
4 75 25
4 76 20
4 77 16
4 78 22
4 79 17
4 80 17
4 81 20
4 82 22
4 83 15
4 84 16
4 85 19
4 86 20
4 87 21
4 88 21
4 89 23
4 90 19
4 91 16
4 92 20
4 93 23
4 94 15
4 95 22
4 96 23
4 97 13
4 98 18
4 99 23
5 6 21
5 7 21
5 8 23
5 9 21
5 10 17
5 11 17
5 12 19
5 13 25
5 14 17
5 15 20
5 16 20
5 17 17
5 18 19
5 19 24
5 20 20
5 21 22
5 22 23
5 23 23
5 24 22
5 25 22
5 26 15
5 27 23
5 28 17
5 29 19
5 30 21
5 31 15
5 32 13
5 33 19
5 34 18
5 35 21
5 36 20
5 37 20
5 38 18
5 39 18
5 40 16
5 41 17
5 42 22
5 43 19
5 44 23
5 45 21
5 46 23
5 47 17
5 48 16
5 49 26
5 50 19
5 51 23
5 52 17
5 53 23
5 54 23
5 55 23
5 56 18
5 57 15
5 58 21
5 59 16
5 60 15
5 61 17
5 62 20
5 63 21
5 64 16
5 65 18
5 66 18
5 67 16
5 68 19
5 69 15
5 70 17
5 71 19
5 72 21
5 73 17
5 74 22
5 75 17
5 76 20
5 77 18
5 78 20
5 79 23
5 80 22
5 81 23
5 82 21
5 83 23
5 84 19
5 85 18
5 86 15
5 87 16
5 88 20
5 89 20
5 90 24
5 91 17
5 92 19
5 93 23
5 94 18
5 95 14
5 96 23
5 97 20
5 98 12
5 99 18
6 7 22
6 8 20
6 9 24
6 10 22
6 11 16
6 12 19
6 13 18
6 14 21
6 15 19
6 16 20
6 17 18
6 18 18
6 19 15
6 20 21
6 21 23
6 22 20
6 23 27
6 24 23
6 25 27
6 26 19
6 27 19
6 28 21
6 29 22
6 30 18
6 31 16
6 32 20
6 33 23
6 34 21
6 35 17
6 36 18
6 37 23
6 38 23
6 39 16
6 40 23
6 41 19
6 42 20
6 43 20
6 44 22
6 45 19
6 46 21
6 47 12
6 48 15
6 49 18
6 50 15
6 51 18
6 52 22
6 53 15
6 54 19
6 55 19
6 56 22
6 57 22
6 58 22
6 59 14
6 60 14
6 61 22
6 62 17
6 63 23
6 64 25
6 65 25
6 66 18
6 67 22
6 68 21
6 69 20
6 70 23
6 71 21
6 72 20
6 73 19
6 74 16
6 75 20
6 76 19
6 77 18
6 78 21
6 79 22
6 80 18
6 81 22
6 82 16
6 83 20
6 84 15
6 85 25
6 86 21
6 87 21
6 88 18
6 89 17
6 90 22
6 91 25
6 92 16
6 93 22
6 94 26
6 95 16
6 96 16
6 97 21
6 98 20
6 99 20
7 8 26
7 9 17
7 10 15
7 11 23
7 12 19
7 13 17
7 14 23
7 15 21
7 16 22
7 17 22
7 18 19
7 19 19
7 20 20
7 21 22
7 22 19
7 23 18
7 24 17
7 25 18
7 26 14
7 27 18
7 28 15
7 29 16
7 30 20
7 31 22
7 32 17
7 33 20
7 34 18
7 35 24
7 36 21
7 37 23
7 38 17
7 39 23
7 40 13
7 41 21
7 42 13
7 43 22
7 44 22
7 45 21
7 46 18
7 47 20
7 48 24
7 49 15
7 50 17
7 51 22
7 52 17
7 53 19
7 54 24
7 55 21
7 56 20
7 57 16
7 58 16
7 59 17
7 60 20
7 61 18
7 62 13
7 63 19
7 64 15
7 65 22
7 66 22
7 67 21
7 68 23
7 69 21
7 70 18
7 71 18
7 72 22
7 73 24
7 74 25
7 75 25
7 76 20
7 77 17
7 78 21
7 79 22
7 80 20
7 81 25
7 82 18
7 83 23
7 84 25
7 85 21
7 86 24
7 87 17
7 88 19
7 89 19
7 90 21
7 91 22
7 92 19
7 93 18
7 94 22
7 95 20
7 96 19
7 97 21
7 98 22
7 99 18
8 9 23
8 10 22
8 11 24
8 12 21
8 13 18
8 14 17
8 15 22
8 16 23
8 17 22
8 18 24
8 19 15
8 20 17
8 21 23
8 22 18
8 23 18
8 24 22
8 25 14
8 26 16
8 27 21
8 28 21
8 29 19
8 30 14
8 31 10
8 32 19
8 33 13
8 34 16
8 35 21
8 36 23
8 37 20
8 38 26
8 39 21
8 40 21
8 41 20
8 42 20
8 43 19
8 44 15
8 45 18
8 46 18
8 47 18
8 48 18
8 49 15
8 50 15
8 51 21
8 52 19
8 53 19
8 54 23
8 55 19
8 56 27
8 57 13
8 58 14
8 59 24
8 60 20
8 61 23
8 62 21
8 63 21
8 64 19
8 65 16
8 66 20
8 67 17
8 68 21
8 69 20
8 70 15
8 71 21
8 72 22
8 73 15
8 74 21
8 75 17
8 76 20
8 77 18
8 78 16
8 79 16
8 80 24
8 81 20
8 82 22
8 83 22
8 84 18
8 85 18
8 86 19
8 87 24
8 88 20
8 89 17
8 90 22
8 91 18
8 92 21
8 93 21
8 94 24
8 95 20
8 96 23
8 97 23
8 98 24
8 99 15
9 10 18
9 11 17
9 12 21
9 13 19
9 14 23
9 15 24
9 16 13
9 17 16
9 18 22
9 19 19
9 20 19
9 21 27
9 22 15
9 23 20
9 24 24
9 25 22
9 26 23
9 27 15
9 28 21
9 29 17
9 30 24
9 31 18
9 32 17
9 33 20
9 34 19
9 35 21
9 36 20
9 37 19
9 38 23
9 39 17
9 40 16
9 41 21
9 42 23
9 43 21
9 44 22
9 45 17
9 46 21
9 47 17
9 48 22
9 49 24
9 50 19
9 51 19
9 52 21
9 53 20
9 54 25
9 55 22
9 56 19
9 57 22
9 58 21
9 59 22
9 60 19
9 61 20
9 62 16
9 63 19
9 64 20
9 65 20
9 66 23
9 67 18
9 68 20
9 69 13
9 70 20
9 71 16
9 72 17
9 73 21
9 74 11
9 75 21
9 76 21
9 77 27
9 78 20
9 79 23
9 80 21
9 81 15
9 82 20
9 83 18
9 84 26
9 85 18
9 86 22
9 87 18
9 88 18
9 89 15
9 90 16
9 91 24
9 92 20
9 93 23
9 94 17
9 95 18
9 96 25
9 97 19
9 98 23
9 99 18
10 11 20
10 12 24
10 13 26
10 14 14
10 15 14
10 16 22
10 17 21
10 18 24
10 19 21
10 20 16
10 21 23
10 22 16
10 23 18
10 24 16
10 25 23
10 26 19
10 27 15
10 28 20
10 29 21
10 30 20
10 31 14
10 32 18
10 33 22
10 34 16
10 35 21
10 36 20
10 37 22
10 38 23
10 39 18
10 40 20
10 41 17
10 42 17
10 43 17
10 44 18
10 45 19
10 46 18
10 47 20
10 48 22
10 49 23
10 50 19
10 51 15
10 52 17
10 53 22
10 54 20
10 55 22
10 56 20
10 57 22
10 58 21
10 59 18
10 60 20
10 61 21
10 62 17
10 63 18
10 64 19
10 65 13
10 66 27
10 67 23
10 68 16
10 69 17
10 70 26
10 71 15
10 72 18
10 73 18
10 74 21
10 75 17
10 76 20
10 77 22
10 78 13
10 79 17
10 80 17
10 81 19
10 82 21
10 83 11
10 84 17
10 85 14
10 86 17
10 87 21
10 88 16
10 89 23
10 90 19
10 91 19
10 92 20
10 93 15
10 94 21
10 95 11
10 96 19
10 97 19
10 98 26
10 99 20
11 12 21
11 13 20
11 14 19
11 15 18
11 16 18
11 17 21
11 18 19
11 19 21
11 20 20
11 21 20
11 22 21
11 23 20
11 24 19
11 25 21
11 26 23
11 27 26
11 28 19
11 29 16
11 30 18
11 31 18
11 32 17
11 33 21
11 34 18
11 35 17
11 36 24
11 37 15
11 38 22
11 39 22
11 40 14
11 41 18
11 42 21
11 43 21
11 44 23
11 45 25
11 46 19
11 47 24
11 48 21
11 49 21
11 50 18
11 51 17
11 52 15
11 53 24
11 54 20
11 55 26
11 56 21
11 57 20
11 58 19
11 59 17
11 60 20
11 61 15
11 62 17
11 63 17
11 64 20
11 65 25
11 66 25
11 67 16
11 68 20
11 69 23
11 70 25
11 71 21
11 72 21
11 73 20
11 74 22
11 75 18
11 76 15
11 77 19
11 78 19
11 79 19
11 80 15
11 81 18
11 82 24
11 83 18
11 84 24
11 85 26
11 86 22
11 87 16
11 88 17
11 89 17
11 90 18
11 91 14
11 92 26
11 93 22
11 94 14
11 95 21
11 96 19
11 97 23
11 98 19
11 99 24
12 13 21
12 14 16
12 15 22
12 16 22
12 17 25
12 18 26
12 19 17
12 20 17
12 21 17
12 22 18
12 23 19
12 24 13
12 25 23
12 26 17
12 27 22
12 28 17
12 29 19
12 30 21
12 31 20
12 32 24
12 33 19
12 34 21
12 35 21
12 36 18
12 37 16
12 38 22
12 39 18
12 40 23
12 41 24
12 42 17
12 43 18
12 44 26
12 45 15
12 46 17
12 47 19
12 48 18
12 49 19
12 50 18
12 51 21
12 52 18
12 53 18
12 54 17
12 55 25
12 56 18
12 57 19
12 58 25
12 59 23
12 60 22
12 61 23
12 62 14
12 63 18
12 64 22
12 65 19
12 66 17
12 67 20
12 68 28
12 69 19
12 70 19
12 71 17
12 72 19
12 73 20
12 74 15
12 75 19
12 76 25
12 77 18
12 78 24
12 79 20
12 80 21
12 81 20
12 82 24
12 83 15
12 84 19
12 85 21
12 86 21
12 87 22
12 88 21
12 89 20
12 90 27
12 91 21
12 92 15
12 93 23
12 94 20
12 95 24
12 96 20
12 97 18
12 98 20
12 99 19
13 14 22
13 15 20
13 16 19
13 17 26
13 18 14
13 19 21
13 20 18
13 21 21
13 22 17
13 23 20
13 24 18
13 25 26
13 26 19
13 27 19
13 28 14
13 29 18
13 30 19
13 31 18
13 32 20
13 33 20
13 34 18
13 35 24
13 36 26
13 37 16
13 38 18
13 39 16
13 40 19
13 41 21
13 42 20
13 43 16
13 44 20
13 45 23
13 46 12
13 47 21
13 48 16
13 49 21
13 50 22
13 51 19
13 52 20
13 53 16
13 54 11
13 55 19
13 56 26
13 57 16
13 58 22
13 59 19
13 60 16
13 61 18
13 62 19
13 63 24
13 64 16
13 65 16
13 66 20
13 67 22
13 68 23
13 69 21
13 70 13
13 71 17
13 72 20
13 73 20
13 74 21
13 75 20
13 76 23
13 77 18
13 78 14
13 79 22
13 80 18
13 81 19
13 82 18
13 83 12
13 84 20
13 85 15
13 86 22
13 87 20
13 88 14
13 89 15
13 90 17
13 91 23
13 92 19
13 93 20
13 94 22
13 95 16
13 96 18
13 97 17
13 98 23
13 99 20
14 15 21
14 16 20
14 17 15
14 18 21
14 19 16
14 20 19
14 21 18
14 22 15
14 23 22
14 24 19
14 25 18
14 26 22
14 27 21
14 28 19
14 29 24
14 30 24
14 31 20
14 32 15
14 33 23
14 34 16
14 35 15
14 36 13
14 37 16
14 38 27
14 39 19
14 40 14
14 41 25
14 42 21
14 43 12
14 44 23
14 45 17
14 46 15
14 47 24
14 48 25
14 49 21
14 50 23
14 51 20
14 52 22
14 53 23
14 54 21
14 55 19
14 56 17
14 57 16
14 58 19
14 59 21
14 60 16
14 61 19
14 62 23
14 63 19
14 64 19
14 65 22
14 66 21
14 67 20
14 68 24
14 69 21
14 70 26
14 71 17
14 72 19
14 73 19
14 74 29
14 75 17
14 76 15
14 77 19
14 78 18
14 79 19
14 80 19
14 81 22
14 82 16
14 83 22
14 84 14
14 85 17
14 86 20
14 87 23
14 88 22
14 89 19
14 90 21
14 91 22
14 92 19
14 93 19
14 94 18
14 95 23
14 96 23
14 97 20
14 98 22
14 99 18
15 16 18
15 17 22
15 18 17
15 19 19
15 20 16
15 21 17
15 22 23
15 23 22
15 24 21
15 25 18
15 26 22
15 27 19
15 28 17
15 29 19
15 30 17
15 31 16
15 32 15
15 33 20
15 34 20
15 35 16
15 36 14
15 37 17
15 38 18
15 39 23
15 40 15
15 41 16
15 42 17
15 43 21
15 44 14
15 45 20
15 46 16
15 47 17
15 48 23
15 49 17
15 50 17
15 51 19
15 52 23
15 53 18
15 54 19
15 55 21
15 56 21
15 57 23
15 58 22
15 59 23
15 60 19
15 61 20
15 62 21
15 63 14
15 64 18
15 65 22
15 66 24
15 67 19
15 68 15
15 69 21
15 70 21
15 71 19
15 72 21
15 73 18
15 74 23
15 75 19
15 76 21
15 77 23
15 78 27
15 79 20
15 80 25
15 81 19
15 82 20
15 83 20
15 84 19
15 85 13
15 86 17
15 87 20
15 88 20
15 89 20
15 90 18
15 91 20
15 92 14
15 93 19
15 94 19
15 95 19
15 96 17
15 97 17
15 98 24
15 99 20
16 17 21
16 18 20
16 19 23
16 20 16
16 21 21
16 22 17
16 23 22
16 24 20
16 25 19
16 26 19
16 27 15
16 28 23
16 29 21
16 30 23
16 31 20
16 32 19
16 33 19
16 34 20
16 35 16
16 36 20
16 37 17
16 38 20
16 39 22
16 40 21
16 41 19
16 42 17
16 43 17
16 44 18
16 45 17
16 46 19
16 47 18
16 48 22
16 49 16
16 50 16
16 51 21
16 52 17
16 53 23
16 54 21
16 55 17
16 56 19
16 57 16
16 58 20
16 59 22
16 60 21
16 61 23
16 62 20
16 63 19
16 64 17
16 65 17
16 66 20
16 67 20
16 68 17
16 69 21
16 70 16
16 71 20
16 72 23
16 73 19
16 74 18
16 75 19
16 76 21
16 77 21
16 78 20
16 79 16
16 80 18
16 81 23
16 82 16
16 83 23
16 84 16
16 85 18
16 86 20
16 87 20
16 88 19
16 89 17
16 90 20
16 91 18
16 92 20
16 93 20
16 94 22
16 95 23
16 96 18
16 97 25
16 98 23
16 99 20
17 18 19
17 19 22
17 20 19
17 21 23
17 22 18
17 23 13
17 24 25
17 25 19
17 26 21
17 27 24
17 28 22
17 29 23
17 30 24
17 31 19
17 32 25
17 33 20
17 34 19
17 35 22
17 36 22
17 37 20
17 38 19
17 39 20
17 40 18
17 41 17
17 42 16
17 43 25
17 44 22
17 45 17
17 46 21
17 47 24
17 48 20
17 49 20
17 50 22
17 51 22
17 52 18
17 53 17
17 54 22
17 55 17
17 56 21
17 57 19
17 58 19
17 59 19
17 60 20
17 61 18
17 62 18
17 63 21
17 64 22
17 65 21
17 66 21
17 67 18
17 68 18
17 69 23
17 70 19
17 71 14
17 72 19
17 73 14
17 74 18
17 75 17
17 76 19
17 77 23
17 78 16
17 79 19
17 80 17
17 81 19
17 82 12
17 83 19
17 84 18
17 85 20
17 86 19
17 87 19
17 88 19
17 89 21
17 90 21
17 91 18
17 92 20
17 93 21
17 94 18
17 95 20
17 96 19
17 97 17
17 98 17
17 99 23
18 19 23
18 20 16
18 21 22
18 22 17
18 23 17
18 24 23
18 25 14
18 26 17
18 27 20
18 28 20
18 29 17
18 30 18
18 31 15
18 32 20
18 33 14
18 34 17
18 35 23
18 36 20
18 37 20
18 38 24
18 39 15
18 40 13
18 41 17
18 42 19
18 43 20
18 44 15
18 45 20
18 46 15
18 47 19
18 48 19
18 49 17
18 50 20
18 51 22
18 52 18
18 53 21
18 54 19
18 55 20
18 56 22
18 57 25
18 58 24
18 59 20
18 60 16
18 61 20
18 62 21
18 63 19
18 64 17
18 65 17
18 66 22
18 67 18
18 68 15
18 69 16
18 70 17
18 71 19
18 72 17
18 73 24
18 74 18
18 75 23
18 76 18
18 77 22
18 78 19
18 79 25
18 80 18
18 81 21
18 82 16
18 83 18
18 84 28
18 85 21
18 86 25
18 87 17
18 88 22
18 89 15
18 90 21
18 91 15
18 92 28
18 93 19
18 94 18
18 95 24
18 96 23
18 97 22
18 98 23
18 99 16
19 20 19
19 21 22
19 22 11
19 23 21
19 24 12
19 25 17
19 26 21
19 27 22
19 28 20
19 29 20
19 30 22
19 31 18
19 32 23
19 33 22
19 34 21
19 35 19
19 36 21
19 37 21
19 38 19
19 39 21
19 40 19
19 41 20
19 42 24
19 43 20
19 44 18
19 45 20
19 46 18
19 47 20
19 48 18
19 49 21
19 50 26
19 51 22
19 52 17
19 53 18
19 54 22
19 55 19
19 56 19
19 57 18
19 58 17
19 59 19
19 60 13
19 61 15
19 62 19
19 63 22
19 64 23
19 65 23
19 66 21
19 67 19
19 68 22
19 69 21
19 70 15
19 71 20
19 72 19
19 73 17
19 74 18
19 75 20
19 76 21
19 77 23
19 78 19
19 79 20
19 80 21
19 81 24
19 82 16
19 83 20
19 84 22
19 85 17
19 86 21
19 87 25
19 88 20
19 89 17
19 90 15
19 91 20
19 92 17
19 93 20
19 94 18
19 95 15
19 96 16
19 97 20
19 98 22
19 99 17
20 21 18
20 22 18
20 23 21
20 24 16
20 25 19
20 26 20
20 27 19
20 28 19
20 29 24
20 30 20
20 31 19
20 32 21
20 33 20
20 34 18
20 35 20
20 36 19
20 37 20
20 38 15
20 39 19
20 40 15
20 41 14
20 42 21
20 43 22
20 44 13
20 45 18
20 46 20
20 47 25
20 48 22
20 49 22
20 50 20
20 51 20
20 52 20
20 53 20
20 54 18
20 55 19
20 56 22
20 57 21
20 58 19
20 59 20
20 60 23
20 61 20
20 62 16
20 63 13
20 64 14
20 65 20
20 66 21
20 67 21
20 68 21
20 69 20
20 70 21
20 71 19
20 72 19
20 73 16
20 74 23
20 75 22
20 76 14
20 77 17
20 78 21
20 79 16
20 80 17
20 81 20
20 82 18
20 83 20
20 84 17
20 85 18
20 86 22
20 87 17
20 88 21
20 89 21
20 90 18
20 91 19
20 92 25
20 93 18
20 94 19
20 95 22
20 96 21
20 97 23
20 98 21
20 99 21
21 22 22
21 23 20
21 24 22
21 25 17
21 26 20
21 27 20
21 28 13
21 29 17
21 30 24
21 31 20
21 32 14
21 33 19
21 34 25
21 35 22
21 36 22
21 37 20
21 38 23
21 39 24
21 40 21
21 41 21
21 42 19
21 43 15
21 44 22
21 45 19
21 46 19
21 47 21
21 48 16
21 49 19
21 50 17
21 51 23
21 52 23
21 53 19
21 54 19
21 55 18
21 56 21
21 57 19
21 58 17
21 59 18
21 60 17
21 61 16
21 62 20
21 63 19
21 64 24
21 65 21
21 66 21
21 67 22
21 68 22
21 69 23
21 70 19
21 71 19
21 72 17
21 73 17
21 74 16
21 75 20
21 76 26
21 77 14
21 78 20
21 79 24
21 80 20
21 81 27
21 82 17
21 83 19
21 84 18
21 85 17
21 86 18
21 87 23
21 88 20
21 89 19
21 90 18
21 91 17
21 92 12
21 93 17
21 94 19
21 95 19
21 96 17
21 97 24
21 98 19
21 99 24
22 23 25
22 24 19
22 25 26
22 26 24
22 27 17
22 28 16
22 29 26
22 30 23
22 31 21
22 32 19
22 33 20
22 34 21
22 35 20
22 36 21
22 37 23
22 38 19
22 39 14
22 40 16
22 41 22
22 42 22
22 43 18
22 44 18
22 45 23
22 46 21
22 47 14
22 48 19
22 49 18
22 50 22
22 51 14
22 52 21
22 53 14
22 54 20
22 55 18
22 56 21
22 57 17
22 58 15
22 59 17
22 60 25
22 61 19
22 62 15
22 63 19
22 64 16
22 65 23
22 66 20
22 67 19
22 68 17
22 69 18
22 70 25
22 71 19
22 72 12
22 73 23
22 74 19
22 75 20
22 76 18
22 77 17
22 78 18
22 79 18
22 80 20
22 81 16
22 82 20
22 83 18
22 84 15
22 85 17
22 86 17
22 87 16
22 88 20
22 89 17
22 90 20
22 91 19
22 92 19
22 93 18
22 94 19
22 95 18
22 96 20
22 97 19
22 98 16
22 99 16
23 24 16
23 25 19
23 26 20
23 27 20
23 28 21
23 29 21
23 30 19
23 31 18
23 32 15
23 33 19
23 34 21
23 35 21
23 36 18
23 37 18
23 38 16
23 39 16
23 40 25
23 41 15
23 42 19
23 43 19
23 44 20
23 45 23
23 46 24
23 47 19
23 48 12
23 49 14
23 50 20
23 51 17
23 52 21
23 53 21
23 54 16
23 55 21
23 56 18
23 57 19
23 58 17
23 59 20
23 60 18
23 61 19
23 62 20
23 63 17
23 64 18
23 65 14
23 66 14
23 67 19
23 68 26
23 69 20
23 70 20
23 71 13
23 72 20
23 73 21
23 74 14
23 75 19
23 76 16
23 77 22
23 78 19
23 79 21
23 80 19
23 81 21
23 82 22
23 83 18
23 84 20
23 85 18
23 86 25
23 87 18
23 88 17
23 89 15
23 90 24
23 91 17
23 92 19
23 93 20
23 94 15
23 95 21
23 96 16
23 97 19
23 98 20
23 99 18
24 25 16
24 26 20
24 27 21
24 28 19
24 29 16
24 30 22
24 31 19
24 32 18
24 33 18
24 34 19
24 35 17
24 36 18
24 37 16
24 38 18
24 39 18
24 40 18
24 41 21
24 42 29
24 43 20
24 44 23
24 45 18
24 46 23
24 47 21
24 48 21
24 49 20
24 50 21
24 51 22
24 52 21
24 53 23
24 54 18
24 55 16
24 56 22
24 57 21
24 58 23
24 59 18
24 60 13
24 61 20
24 62 20
24 63 18
24 64 22
24 65 19
24 66 18
24 67 19
24 68 15
24 69 20
24 70 20
24 71 17
24 72 26
24 73 21
24 74 22
24 75 26
24 76 16
24 77 20
24 78 17
24 79 19
24 80 19
24 81 16
24 82 19
24 83 25
24 84 17
24 85 16
24 86 23
24 87 21
24 88 22
24 89 20
24 90 19
24 91 19
24 92 17
24 93 18
24 94 18
24 95 20
24 96 16
24 97 20
24 98 20
24 99 13
25 26 16
25 27 20
25 28 18
25 29 13
25 30 25
25 31 23
25 32 21
25 33 18
25 34 19
25 35 20
25 36 19
25 37 21
25 38 24
25 39 14
25 40 17
25 41 15
25 42 21
25 43 23
25 44 19
25 45 21
25 46 20
25 47 23
25 48 22
25 49 22
25 50 23
25 51 19
25 52 21
25 53 25
25 54 19
25 55 21
25 56 18
25 57 23
25 58 23
25 59 22
25 60 18
25 61 21
25 62 23
25 63 21
25 64 14
25 65 22
25 66 21
25 67 17
25 68 21
25 69 17
25 70 22
25 71 20
25 72 17
25 73 17
25 74 22
25 75 21
25 76 18
25 77 27
25 78 22
25 79 19
25 80 20
25 81 20
25 82 16
25 83 17
25 84 21
25 85 17
25 86 22
25 87 18
25 88 23
25 89 24
25 90 17
25 91 21
25 92 23
25 93 14
25 94 17
25 95 25
25 96 21
25 97 18
25 98 22
25 99 19
26 27 20
26 28 20
26 29 25
26 30 15
26 31 19
26 32 14
26 33 21
26 34 16
26 35 18
26 36 22
26 37 18
26 38 15
26 39 15
26 40 24
26 41 21
26 42 18
26 43 12
26 44 24
26 45 21
26 46 21
26 47 20
26 48 24
26 49 25
26 50 21
26 51 18
26 52 22
26 53 22
26 54 21
26 55 18
26 56 17
26 57 20
26 58 18
26 59 23
26 60 20
26 61 20
26 62 19
26 63 16
26 64 18
26 65 15
26 66 26
26 67 25
26 68 20
26 69 21
26 70 18
26 71 21
26 72 18
26 73 20
26 74 18
26 75 22
26 76 21
26 77 24
26 78 21
26 79 25
26 80 22
26 81 23
26 82 20
26 83 19
26 84 23
26 85 17
26 86 23
26 87 16
26 88 24
26 89 22
26 90 20
26 91 19
26 92 24
26 93 24
26 94 18
26 95 18
26 96 23
26 97 17
26 98 13
26 99 18
27 28 18
27 29 24
27 30 23
27 31 26
27 32 17
27 33 19
27 34 22
27 35 17
27 36 19
27 37 20
27 38 15
27 39 18
27 40 24
27 41 21
27 42 18
27 43 18
27 44 22
27 45 18
27 46 19
27 47 18
27 48 18
27 49 17
27 50 21
27 51 20
27 52 18
27 53 21
27 54 20
27 55 20
27 56 21
27 57 20
27 58 19
27 59 26
27 60 23
27 61 20
27 62 22
27 63 13
27 64 20
27 65 19
27 66 18
27 67 18
27 68 22
27 69 21
27 70 21
27 71 16
27 72 19
27 73 21
27 74 17
27 75 24
27 76 16
27 77 22
27 78 20
27 79 19
27 80 24
27 81 20
27 82 19
27 83 19
27 84 18
27 85 17
27 86 18
27 87 20
27 88 20
27 89 19
27 90 23
27 91 23
27 92 19
27 93 19
27 94 20
27 95 20
27 96 20
27 97 23
27 98 19
27 99 27
28 29 18
28 30 12
28 31 18
28 32 15
28 33 15
28 34 19
28 35 17
28 36 21
28 37 16
28 38 14
28 39 19
28 40 19
28 41 16
28 42 22
28 43 19
28 44 25
28 45 15
28 46 17
28 47 12
28 48 15
28 49 20
28 50 20
28 51 21
28 52 24
28 53 16
28 54 15
28 55 19
28 56 21
28 57 14
28 58 20
28 59 29
28 60 26
28 61 21
28 62 17
28 63 23
28 64 19
28 65 21
28 66 16
28 67 20
28 68 20
28 69 20
28 70 26
28 71 19
28 72 18
28 73 17
28 74 17
28 75 16
28 76 18
28 77 23
28 78 22
28 79 18
28 80 21
28 81 17
28 82 20
28 83 15
28 84 20
28 85 19
28 86 23
28 87 19
28 88 21
28 89 26
28 90 20
28 91 14
28 92 21
28 93 19
28 94 23
28 95 30
28 96 19
28 97 20
28 98 21
28 99 20
29 30 17
29 31 23
29 32 26
29 33 17
29 34 21
29 35 17
29 36 19
29 37 19
29 38 16
29 39 24
29 40 16
29 41 20
29 42 17
29 43 15
29 44 22
29 45 22
29 46 17
29 47 21
29 48 19
29 49 17
29 50 14
29 51 23
29 52 23
29 53 18
29 54 21
29 55 23
29 56 26
29 57 22
29 58 20
29 59 24
29 60 22
29 61 15
29 62 16
29 63 19
29 64 21
29 65 21
29 66 20
29 67 22
29 68 19
29 69 17
29 70 15
29 71 23
29 72 17
29 73 23
29 74 17
29 75 24
29 76 22
29 77 17
29 78 21
29 79 18
29 80 15
29 81 23
29 82 20
29 83 20
29 84 13
29 85 19
29 86 23
29 87 20
29 88 13
29 89 21
29 90 23
29 91 25
29 92 22
29 93 16
29 94 20
29 95 18
29 96 20
29 97 22
29 98 18
29 99 19
30 31 17
30 32 16
30 33 19
30 34 18
30 35 20
30 36 18
30 37 17
30 38 20
30 39 20
30 40 14
30 41 23
30 42 20
30 43 23
30 44 16
30 45 27
30 46 19
30 47 18
30 48 18
30 49 19
30 50 21
30 51 19
30 52 22
30 53 15
30 54 18
30 55 17
30 56 20
30 57 20
30 58 22
30 59 25
30 60 16
30 61 25
30 62 19
30 63 17
30 64 23
30 65 22
30 66 22
30 67 21
30 68 23
30 69 19
30 70 19
30 71 23
30 72 17
30 73 20
30 74 16
30 75 19
30 76 23
30 77 17
30 78 19
30 79 20
30 80 16
30 81 17
30 82 23
30 83 10
30 84 16
30 85 18
30 86 17
30 87 17
30 88 16
30 89 18
30 90 24
30 91 18
30 92 19
30 93 20
30 94 14
30 95 21
30 96 21
30 97 23
30 98 20
30 99 18
31 32 27
31 33 20
31 34 19
31 35 21
31 36 27
31 37 24
31 38 22
31 39 20
31 40 17
31 41 22
31 42 19
31 43 18
31 44 18
31 45 18
31 46 20
31 47 23
31 48 15
31 49 21
31 50 21
31 51 19
31 52 21
31 53 15
31 54 19
31 55 18
31 56 16
31 57 22
31 58 18
31 59 21
31 60 21
31 61 22
31 62 17
31 63 22
31 64 15
31 65 20
31 66 27
31 67 16
31 68 17
31 69 17
31 70 24
31 71 20
31 72 17
31 73 18
31 74 23
31 75 20
31 76 21
31 77 18
31 78 19
31 79 22
31 80 19
31 81 20
31 82 22
31 83 21
31 84 18
31 85 16
31 86 16
31 87 20
31 88 18
31 89 25
31 90 17
31 91 20
31 92 25
31 93 19
31 94 20
31 95 22
31 96 18
31 97 16
31 98 18
31 99 16
32 33 20
32 34 20
32 35 20
32 36 18
32 37 20
32 38 23
32 39 18
32 40 18
32 41 18
32 42 19
32 43 20
32 44 20
32 45 19
32 46 17
32 47 23
32 48 19
32 49 15
32 50 21
32 51 24
32 52 23
32 53 15
32 54 22
32 55 12
32 56 20
32 57 24
32 58 19
32 59 21
32 60 20
32 61 22
32 62 19
32 63 21
32 64 18
32 65 19
32 66 17
32 67 20
32 68 22
32 69 21
32 70 18
32 71 18
32 72 16
32 73 16
32 74 21
32 75 23
32 76 22
32 77 21
32 78 23
32 79 23
32 80 25
32 81 19
32 82 19
32 83 19
32 84 17
32 85 18
32 86 20
32 87 19
32 88 16
32 89 18
32 90 19
32 91 17
32 92 23
32 93 19
32 94 22
32 95 24
32 96 22
32 97 20
32 98 18
32 99 21
33 34 19
33 35 19
33 36 16
33 37 18
33 38 19
33 39 19
33 40 23
33 41 17
33 42 20
33 43 24
33 44 16
33 45 21
33 46 18
33 47 22
33 48 21
33 49 20
33 50 17
33 51 17
33 52 20
33 53 21
33 54 21
33 55 23
33 56 19
33 57 20
33 58 20
33 59 15
33 60 21
33 61 17
33 62 25
33 63 17
33 64 24
33 65 19
33 66 24
33 67 18
33 68 20
33 69 19
33 70 18
33 71 18
33 72 17
33 73 24
33 74 20
33 75 23
33 76 18
33 77 23
33 78 21
33 79 24
33 80 21
33 81 15
33 82 21
33 83 23
33 84 23
33 85 22
33 86 23
33 87 25
33 88 27
33 89 20
33 90 21
33 91 16
33 92 13
33 93 16
33 94 19
33 95 22
33 96 12
33 97 18
33 98 20
33 99 25
34 35 17
34 36 20
34 37 16
34 38 16
34 39 21
34 40 24
34 41 20
34 42 20
34 43 22
34 44 16
34 45 19
34 46 24
34 47 20
34 48 23
34 49 18
34 50 19
34 51 22
34 52 22
34 53 18
34 54 16
34 55 21
34 56 18
34 57 25
34 58 21
34 59 16
34 60 21
34 61 19
34 62 21
34 63 16
34 64 17
34 65 19
34 66 23
34 67 17
34 68 17
34 69 25
34 70 17
34 71 12
34 72 17
34 73 20
34 74 17
34 75 20
34 76 16
34 77 22
34 78 21
34 79 19
34 80 19
34 81 18
34 82 22
34 83 16
34 84 15
34 85 23
34 86 25
34 87 20
34 88 21
34 89 19
34 90 20
34 91 15
34 92 22
34 93 18
34 94 15
34 95 20
34 96 16
34 97 22
34 98 19
34 99 19
35 36 24
35 37 15
35 38 17
35 39 19
35 40 20
35 41 23
35 42 17
35 43 22
35 44 16
35 45 15
35 46 18
35 47 15
35 48 18
35 49 16
35 50 22
35 51 20
35 52 21
35 53 17
35 54 23
35 55 21
35 56 19
35 57 20
35 58 23
35 59 18
35 60 22
35 61 14
35 62 18
35 63 22
35 64 18
35 65 18
35 66 20
35 67 15
35 68 19
35 69 21
35 70 25
35 71 20
35 72 21
35 73 20
35 74 22
35 75 20
35 76 19
35 77 17
35 78 24
35 79 23
35 80 17
35 81 20
35 82 19
35 83 18
35 84 17
35 85 19
35 86 19
35 87 19
35 88 26
35 89 20
35 90 14
35 91 16
35 92 19
35 93 19
35 94 25
35 95 16
35 96 18
35 97 16
35 98 16
35 99 17
36 37 28
36 38 18
36 39 22
36 40 18
36 41 22
36 42 18
36 43 20
36 44 18
36 45 21
36 46 21
36 47 24
36 48 21
36 49 16
36 50 24
36 51 21
36 52 20
36 53 14
36 54 19
36 55 21
36 56 22
36 57 23
36 58 24
36 59 18
36 60 18
36 61 23
36 62 20
36 63 15
36 64 15
36 65 26
36 66 18
36 67 20
36 68 23
36 69 15
36 70 21
36 71 17
36 72 21
36 73 22
36 74 21
36 75 21
36 76 18
36 77 21
36 78 22
36 79 16
36 80 18
36 81 25
36 82 19
36 83 15
36 84 23
36 85 20
36 86 23
36 87 21
36 88 17
36 89 20
36 90 21
36 91 19
36 92 20
36 93 19
36 94 19
36 95 23
36 96 20
36 97 22
36 98 19
36 99 18
37 38 15
37 39 22
37 40 28
37 41 16
37 42 19
37 43 22
37 44 21
37 45 19
37 46 19
37 47 22
37 48 16
37 49 19
37 50 25
37 51 20
37 52 20
37 53 19
37 54 20
37 55 20
37 56 19
37 57 16
37 58 23
37 59 16
37 60 18
37 61 17
37 62 24
37 63 20
37 64 14
37 65 23
37 66 14
37 67 19
37 68 17
37 69 19
37 70 19
37 71 19
37 72 18
37 73 17
37 74 19
37 75 21
37 76 19
37 77 22
37 78 21
37 79 19
37 80 16
37 81 18
37 82 25
37 83 14
37 84 25
37 85 21
37 86 19
37 87 18
37 88 21
37 89 17
37 90 22
37 91 17
37 92 20
37 93 20
37 94 17
37 95 22
37 96 16
37 97 19
37 98 16
37 99 19
38 39 22
38 40 17
38 41 22
38 42 13
38 43 21
38 44 22
38 45 22
38 46 20
38 47 24
38 48 22
38 49 19
38 50 23
38 51 14
38 52 21
38 53 19
38 54 18
38 55 22
38 56 18
38 57 16
38 58 14
38 59 24
38 60 15
38 61 22
38 62 18
38 63 18
38 64 24
38 65 18
38 66 19
38 67 15
38 68 18
38 69 22
38 70 20
38 71 17
38 72 24
38 73 24
38 74 21
38 75 20
38 76 24
38 77 21
38 78 18
38 79 19
38 80 18
38 81 17
38 82 24
38 83 21
38 84 24
38 85 20
38 86 22
38 87 23
38 88 23
38 89 23
38 90 26
38 91 19
38 92 19
38 93 19
38 94 15
38 95 21
38 96 27
38 97 19
38 98 22
38 99 21
39 40 17
39 41 25
39 42 22
39 43 17
39 44 17
39 45 15
39 46 24
39 47 18
39 48 15
39 49 20
39 50 23
39 51 17
39 52 22
39 53 15
39 54 23
39 55 20
39 56 19
39 57 26
39 58 20
39 59 19
39 60 19
39 61 14
39 62 19
39 63 23
39 64 23
39 65 23
39 66 17
39 67 22
39 68 21
39 69 19
39 70 29
39 71 16
39 72 19
39 73 21
39 74 23
39 75 18
39 76 22
39 77 20
39 78 17
39 79 20
39 80 18
39 81 25
39 82 14
39 83 22
39 84 24
39 85 19
39 86 16
39 87 19
39 88 23
39 89 23
39 90 22
39 91 12
39 92 19
39 93 18
39 94 19
39 95 17
39 96 23
39 97 14
39 98 21
39 99 17
40 41 20
40 42 21
40 43 16
40 44 20
40 45 18
40 46 21
40 47 19
40 48 20
40 49 14
40 50 19
40 51 21
40 52 16
40 53 15
40 54 14
40 55 21
40 56 18
40 57 19
40 58 21
40 59 17
40 60 18
40 61 19
40 62 21
40 63 24
40 64 16
40 65 23
40 66 18
40 67 20
40 68 19
40 69 19
40 70 14
40 71 17
40 72 19
40 73 22
40 74 19
40 75 26
40 76 19
40 77 18
40 78 12
40 79 17
40 80 25
40 81 21
40 82 18
40 83 20
40 84 20
40 85 25
40 86 19
40 87 19
40 88 17
40 89 23
40 90 18
40 91 22
40 92 20
40 93 18
40 94 21
40 95 16
40 96 20
40 97 24
40 98 22
40 99 14
41 42 19
41 43 22
41 44 16
41 45 23
41 46 20
41 47 19
41 48 20
41 49 21
41 50 27
41 51 17
41 52 20
41 53 21
41 54 24
41 55 16
41 56 28
41 57 20
41 58 16
41 59 21
41 60 22
41 61 21
41 62 17
41 63 17
41 64 23
41 65 21
41 66 18
41 67 23
41 68 18
41 69 19
41 70 17
41 71 22
41 72 15
41 73 21
41 74 17
41 75 18
41 76 22
41 77 21
41 78 21
41 79 16
41 80 23
41 81 12
41 82 18
41 83 21
41 84 19
41 85 23
41 86 22
41 87 20
41 88 27
41 89 22
41 90 20
41 91 24
41 92 16
41 93 21
41 94 18
41 95 24
41 96 15
41 97 11
41 98 21
41 99 19
42 43 24
42 44 19
42 45 26
42 46 23
42 47 26
42 48 19
42 49 18
42 50 25
42 51 22
42 52 18
42 53 23
42 54 20
42 55 19
42 56 20
42 57 23
42 58 18
42 59 18
42 60 22
42 61 20
42 62 20
42 63 21
42 64 21
42 65 19
42 66 22
42 67 20
42 68 20
42 69 27
42 70 15
42 71 17
42 72 17
42 73 23
42 74 20
42 75 20
42 76 17
42 77 19
42 78 20
42 79 13
42 80 18
42 81 15
42 82 21
42 83 24
42 84 23
42 85 19
42 86 19
42 87 19
42 88 23
42 89 20
42 90 19
42 91 24
42 92 22
42 93 22
42 94 20
42 95 21
42 96 15
42 97 17
42 98 21
42 99 20
43 44 19
43 45 22
43 46 15
43 47 16
43 48 18
43 49 20
43 50 23
43 51 22
43 52 24
43 53 16
43 54 19
43 55 18
43 56 15
43 57 17
43 58 18
43 59 21
43 60 24
43 61 14
43 62 22
43 63 20
43 64 17
43 65 20
43 66 19
43 67 26
43 68 20
43 69 23
43 70 22
43 71 20
43 72 19
43 73 19
43 74 17
43 75 25
43 76 17
43 77 17
43 78 20
43 79 18
43 80 24
43 81 23
43 82 22
43 83 23
43 84 24
43 85 20
43 86 22
43 87 20
43 88 20
43 89 21
43 90 18
43 91 25
43 92 22
43 93 17
43 94 22
43 95 20
43 96 21
43 97 13
43 98 20
43 99 23
44 45 20
44 46 20
44 47 15
44 48 16
44 49 21
44 50 17
44 51 18
44 52 18
44 53 17
44 54 18
44 55 23
44 56 25
44 57 18
44 58 24
44 59 18
44 60 16
44 61 20
44 62 25
44 63 20
44 64 16
44 65 24
44 66 26
44 67 17
44 68 24
44 69 20
44 70 15
44 71 22
44 72 20
44 73 20
44 74 21
44 75 18
44 76 21
44 77 19
44 78 15
44 79 18
44 80 18
44 81 13
44 82 26
44 83 21
44 84 22
44 85 20
44 86 15
44 87 20
44 88 15
44 89 20
44 90 22
44 91 17
44 92 15
44 93 17
44 94 22
44 95 22
44 96 22
44 97 18
44 98 21
44 99 24
45 46 20
45 47 21
45 48 18
45 49 21
45 50 16
45 51 21
45 52 16
45 53 17
45 54 17
45 55 14
45 56 21
45 57 24
45 58 20
45 59 19
45 60 18
45 61 23
45 62 15
45 63 22
45 64 16
45 65 22
45 66 18
45 67 15
45 68 17
45 69 17
45 70 21
45 71 17
45 72 15
45 73 17
45 74 19
45 75 20
45 76 20
45 77 17
45 78 20
45 79 19
45 80 17
45 81 17
45 82 24
45 83 19
45 84 16
45 85 18
45 86 21
45 87 24
45 88 19
45 89 20
45 90 24
45 91 17
45 92 18
45 93 18
45 94 23
45 95 20
45 96 20
45 97 18
45 98 23
45 99 12
46 47 21
46 48 15
46 49 20
46 50 22
46 51 17
46 52 24
46 53 20
46 54 21
46 55 23
46 56 15
46 57 21
46 58 20
46 59 18
46 60 23
46 61 15
46 62 20
46 63 16
46 64 21
46 65 21
46 66 19
46 67 22
46 68 23
46 69 19
46 70 21
46 71 18
46 72 24
46 73 18
46 74 22
46 75 18
46 76 16
46 77 21
46 78 15
46 79 23
46 80 17
46 81 19
46 82 18
46 83 18
46 84 19
46 85 18
46 86 18
46 87 19
46 88 15
46 89 19
46 90 17
46 91 16
46 92 20
46 93 19
46 94 21
46 95 16
46 96 24
46 97 21
46 98 25
46 99 21
47 48 17
47 49 16
47 50 22
47 51 25
47 52 17
47 53 22
47 54 15
47 55 20
47 56 24
47 57 22
47 58 15
47 59 17
47 60 22
47 61 26
47 62 20
47 63 16
47 64 20
47 65 16
47 66 13
47 67 16
47 68 20
47 69 14
47 70 19
47 71 28
47 72 22
47 73 21
47 74 23
47 75 18
47 76 22
47 77 15
47 78 19
47 79 21
47 80 21
47 81 20
47 82 17
47 83 26
47 84 23
47 85 20
47 86 17
47 87 21
47 88 23
47 89 14
47 90 18
47 91 18
47 92 23
47 93 24
47 94 18
47 95 24
47 96 21
47 97 23
47 98 15
47 99 21
48 49 21
48 50 22
48 51 18
48 52 22
48 53 18
48 54 20
48 55 22
48 56 24
48 57 17
48 58 21
48 59 24
48 60 21
48 61 17
48 62 22
48 63 24
48 64 18
48 65 22
48 66 19
48 67 16
48 68 22
48 69 20
48 70 20
48 71 20
48 72 23
48 73 23
48 74 15
48 75 15
48 76 17
48 77 19
48 78 17
48 79 17
48 80 19
48 81 25
48 82 25
48 83 19
48 84 15
48 85 24
48 86 23
48 87 24
48 88 18
48 89 24
48 90 16
48 91 23
48 92 13
48 93 20
48 94 20
48 95 21
48 96 15
48 97 22
48 98 23
48 99 21
49 50 19
49 51 18
49 52 16
49 53 22
49 54 18
49 55 21
49 56 12
49 57 16
49 58 17
49 59 18
49 60 24
49 61 22
49 62 16
49 63 17
49 64 23
49 65 23
49 66 19
49 67 16
49 68 18
49 69 20
49 70 23
49 71 17
49 72 24
49 73 21
49 74 18
49 75 19
49 76 13
49 77 18
49 78 19
49 79 17
49 80 22
49 81 22
49 82 13
49 83 15
49 84 21
49 85 14
49 86 21
49 87 21
49 88 22
49 89 20
49 90 18
49 91 18
49 92 16
49 93 18
49 94 16
49 95 17
49 96 24
49 97 21
49 98 17
49 99 18
50 51 17
50 52 19
50 53 14
50 54 21
50 55 22
50 56 24
50 57 19
50 58 18
50 59 13
50 60 18
50 61 25
50 62 15
50 63 20
50 64 19
50 65 22
50 66 21
50 67 22
50 68 18
50 69 17
50 70 19
50 71 13
50 72 19
50 73 19
50 74 21
50 75 25
50 76 21
50 77 18
50 78 21
50 79 19
50 80 16
50 81 24
50 82 22
50 83 14
50 84 22
50 85 27
50 86 18
50 87 18
50 88 15
50 89 17
50 90 20
50 91 18
50 92 21
50 93 18
50 94 21
50 95 20
50 96 19
50 97 17
50 98 21
50 99 17
51 52 18
51 53 24
51 54 24
51 55 24
51 56 22
51 57 24
51 58 14
51 59 25
51 60 19
51 61 21
51 62 18
51 63 24
51 64 20
51 65 18
51 66 18
51 67 22
51 68 17
51 69 22
51 70 20
51 71 18
51 72 22
51 73 26
51 74 13
51 75 21
51 76 21
51 77 14
51 78 21
51 79 12
51 80 18
51 81 14
51 82 23
51 83 23
51 84 16
51 85 23
51 86 20
51 87 15
51 88 20
51 89 18
51 90 18
51 91 19
51 92 19
51 93 23
51 94 15
51 95 20
51 96 20
51 97 16
51 98 20
51 99 19
52 53 18
52 54 20
52 55 22
52 56 16
52 57 21
52 58 20
52 59 20
52 60 16
52 61 22
52 62 16
52 63 21
52 64 10
52 65 18
52 66 20
52 67 22
52 68 20
52 69 16
52 70 17
52 71 20
52 72 16
52 73 19
52 74 22
52 75 22
52 76 20
52 77 24
52 78 19
52 79 15
52 80 17
52 81 17
52 82 13
52 83 14
52 84 15
52 85 17
52 86 20
52 87 18
52 88 26
52 89 20
52 90 22
52 91 20
52 92 19
52 93 17
52 94 20
52 95 22
52 96 24
52 97 24
52 98 19
52 99 19
53 54 16
53 55 23
53 56 23
53 57 21
53 58 23
53 59 18
53 60 18
53 61 19
53 62 21
53 63 22
53 64 23
53 65 16
53 66 17
53 67 18
53 68 21
53 69 21
53 70 16
53 71 18
53 72 21
53 73 24
53 74 18
53 75 18
53 76 27
53 77 17
53 78 27
53 79 17
53 80 21
53 81 18
53 82 21
53 83 24
53 84 18
53 85 19
53 86 18
53 87 18
53 88 21
53 89 21
53 90 15
53 91 21
53 92 23
53 93 19
53 94 22
53 95 21
53 96 19
53 97 22
53 98 21
53 99 19
54 55 18
54 56 20
54 57 21
54 58 19
54 59 18
54 60 24
54 61 20
54 62 18
54 63 22
54 64 20
54 65 19
54 66 16
54 67 18
54 68 19
54 69 24
54 70 19
54 71 21
54 72 23
54 73 19
54 74 16
54 75 20
54 76 15
54 77 15
54 78 18
54 79 17
54 80 17
54 81 19
54 82 24
54 83 18
54 84 16
54 85 24
54 86 22
54 87 22
54 88 15
54 89 23
54 90 19
54 91 18
54 92 23
54 93 19
54 94 21
54 95 15
54 96 25
54 97 22
54 98 20
54 99 21
55 56 23
55 57 19
55 58 18
55 59 21
55 60 18
55 61 16
55 62 19
55 63 15
55 64 24
55 65 25
55 66 24
55 67 22
55 68 21
55 69 23
55 70 19
55 71 18
55 72 19
55 73 17
55 74 14
55 75 17
55 76 23
55 77 17
55 78 22
55 79 19
55 80 21
55 81 17
55 82 23
55 83 19
55 84 20
55 85 19
55 86 25
55 87 20
55 88 17
55 89 14
55 90 15
55 91 20
55 92 19
55 93 19
55 94 20
55 95 19
55 96 17
55 97 23
55 98 22
55 99 16
56 57 21
56 58 16
56 59 21
56 60 17
56 61 19
56 62 20
56 63 19
56 64 25
56 65 22
56 66 20
56 67 19
56 68 21
56 69 16
56 70 18
56 71 17
56 72 28
56 73 18
56 74 17
56 75 16
56 76 16
56 77 16
56 78 21
56 79 16
56 80 20
56 81 17
56 82 18
56 83 19
56 84 21
56 85 19
56 86 19
56 87 18
56 88 18
56 89 21
56 90 25
56 91 23
56 92 25
56 93 20
56 94 14
56 95 20
56 96 14
56 97 17
56 98 22
56 99 18
57 58 10
57 59 18
57 60 27
57 61 15
57 62 15
57 63 18
57 64 23
57 65 18
57 66 18
57 67 19
57 68 19
57 69 16
57 70 24
57 71 19
57 72 16
57 73 15
57 74 19
57 75 25
57 76 20
57 77 21
57 78 18
57 79 20
57 80 19
57 81 20
57 82 15
57 83 18
57 84 18
57 85 19
57 86 22
57 87 19
57 88 17
57 89 21
57 90 14
57 91 19
57 92 21
57 93 23
57 94 23
57 95 18
57 96 21
57 97 14
57 98 26
57 99 14
58 59 19
58 60 18
58 61 17
58 62 15
58 63 23
58 64 18
58 65 22
58 66 24
58 67 20
58 68 25
58 69 22
58 70 17
58 71 19
58 72 22
58 73 18
58 74 17
58 75 14
58 76 21
58 77 23
58 78 19
58 79 18
58 80 21
58 81 22
58 82 22
58 83 17
58 84 24
58 85 13
58 86 22
58 87 20
58 88 20
58 89 18
58 90 22
58 91 26
58 92 19
58 93 19
58 94 21
58 95 18
58 96 24
58 97 22
58 98 21
58 99 18
59 60 24
59 61 20
59 62 21
59 63 16
59 64 21
59 65 14
59 66 22
59 67 21
59 68 16
59 69 18
59 70 24
59 71 20
59 72 20
59 73 15
59 74 18
59 75 16
59 76 18
59 77 18
59 78 13
59 79 18
59 80 20
59 81 21
59 82 18
59 83 21
59 84 17
59 85 13
59 86 18
59 87 19
59 88 17
59 89 17
59 90 17
59 91 23
59 92 20
59 93 24
59 94 18
59 95 21
59 96 22
59 97 22
59 98 18
59 99 14
60 61 23
60 62 15
60 63 23
60 64 18
60 65 16
60 66 19
60 67 23
60 68 18
60 69 17
60 70 17
60 71 21
60 72 22
60 73 18
60 74 23
60 75 20
60 76 17
60 77 17
60 78 16
60 79 26
60 80 18
60 81 23
60 82 18
60 83 24
60 84 25
60 85 21
60 86 20
60 87 16
60 88 18
60 89 19
60 90 18
60 91 18
60 92 25
60 93 25
60 94 17
60 95 18
60 96 21
60 97 18
60 98 15
60 99 19
61 62 17
61 63 26
61 64 19
61 65 20
61 66 21
61 67 22
61 68 19
61 69 14
61 70 17
61 71 19
61 72 14
61 73 22
61 74 17
61 75 21
61 76 21
61 77 22
61 78 19
61 79 19
61 80 19
61 81 23
61 82 22
61 83 22
61 84 20
61 85 21
61 86 14
61 87 15
61 88 18
61 89 20
61 90 13
61 91 18
61 92 19
61 93 19
61 94 15
61 95 20
61 96 22
61 97 22
61 98 22
61 99 24
62 63 14
62 64 25
62 65 23
62 66 24
62 67 22
62 68 23
62 69 21
62 70 19
62 71 20
62 72 22
62 73 13
62 74 22
62 75 14
62 76 19
62 77 17
62 78 19
62 79 18
62 80 19
62 81 23
62 82 24
62 83 20
62 84 20
62 85 20
62 86 14
62 87 19
62 88 25
62 89 23
62 90 24
62 91 19
62 92 19
62 93 19
62 94 25
62 95 20
62 96 22
62 97 18
62 98 21
62 99 25
63 64 21
63 65 18
63 66 21
63 67 17
63 68 14
63 69 22
63 70 20
63 71 20
63 72 18
63 73 21
63 74 26
63 75 19
63 76 18
63 77 19
63 78 10
63 79 19
63 80 21
63 81 19
63 82 22
63 83 25
63 84 21
63 85 22
63 86 17
63 87 17
63 88 17
63 89 18
63 90 17
63 91 18
63 92 23
63 93 21
63 94 20
63 95 23
63 96 19
63 97 20
63 98 15
63 99 22
64 65 14
64 66 24
64 67 18
64 68 21
64 69 15
64 70 24
64 71 15
64 72 15
64 73 19
64 74 17
64 75 23
64 76 23
64 77 20
64 78 17
64 79 21
64 80 19
64 81 22
64 82 20
64 83 21
64 84 18
64 85 20
64 86 15
64 87 25
64 88 23
64 89 27
64 90 19
64 91 15
64 92 17
64 93 24
64 94 22
64 95 20
64 96 25
64 97 20
64 98 23
64 99 21
65 66 20
65 67 21
65 68 22
65 69 21
65 70 12
65 71 20
65 72 24
65 73 22
65 74 18
65 75 20
65 76 20
65 77 17
65 78 17
65 79 24
65 80 18
65 81 21
65 82 25
65 83 16
65 84 17
65 85 24
65 86 17
65 87 19
65 88 15
65 89 26
65 90 18
65 91 25
65 92 17
65 93 19
65 94 17
65 95 21
65 96 15
65 97 23
65 98 15
65 99 18
66 67 21
66 68 22
66 69 21
66 70 23
66 71 18
66 72 21
66 73 19
66 74 20
66 75 20
66 76 21
66 77 13
66 78 20
66 79 16
66 80 23
66 81 23
66 82 16
66 83 22
66 84 19
66 85 21
66 86 24
66 87 18
66 88 22
66 89 17
66 90 19
66 91 18
66 92 17
66 93 24
66 94 17
66 95 19
66 96 17
66 97 23
66 98 16
66 99 23
67 68 18
67 69 22
67 70 22
67 71 24
67 72 24
67 73 20
67 74 16
67 75 24
67 76 24
67 77 21
67 78 23
67 79 19
67 80 20
67 81 27
67 82 24
67 83 18
67 84 19
67 85 22
67 86 16
67 87 16
67 88 16
67 89 23
67 90 22
67 91 16
67 92 15
67 93 19
67 94 21
67 95 23
67 96 24
67 97 24
67 98 17
67 99 23
68 69 20
68 70 26
68 71 22
68 72 21
68 73 22
68 74 19
68 75 17
68 76 18
68 77 14
68 78 19
68 79 18
68 80 22
68 81 16
68 82 19
68 83 22
68 84 23
68 85 18
68 86 17
68 87 16
68 88 17
68 89 20
68 90 21
68 91 19
68 92 17
68 93 26
68 94 20
68 95 20
68 96 22
68 97 22
68 98 16
68 99 22
69 70 18
69 71 13
69 72 17
69 73 22
69 74 18
69 75 20
69 76 17
69 77 21
69 78 20
69 79 18
69 80 16
69 81 20
69 82 25
69 83 19
69 84 23
69 85 17
69 86 21
69 87 16
69 88 22
69 89 18
69 90 17
69 91 26
69 92 19
69 93 18
69 94 16
69 95 18
69 96 28
69 97 20
69 98 22
69 99 16
70 71 19
70 72 18
70 73 23
70 74 20
70 75 24
70 76 19
70 77 18
70 78 22
70 79 19
70 80 21
70 81 18
70 82 19
70 83 19
70 84 29
70 85 17
70 86 24
70 87 19
70 88 22
70 89 22
70 90 22
70 91 16
70 92 18
70 93 22
70 94 21
70 95 20
70 96 24
70 97 15
70 98 17
70 99 16
71 72 23
71 73 21
71 74 22
71 75 17
71 76 19
71 77 15
71 78 20
71 79 20
71 80 20
71 81 19
71 82 23
71 83 18
71 84 22
71 85 17
71 86 13
71 87 16
71 88 17
71 89 20
71 90 20
71 91 21
71 92 23
71 93 23
71 94 21
71 95 24
71 96 24
71 97 18
71 98 20
71 99 19
72 73 21
72 74 22
72 75 21
72 76 20
72 77 14
72 78 21
72 79 21
72 80 14
72 81 21
72 82 21
72 83 21
72 84 18
72 85 18
72 86 25
72 87 15
72 88 20
72 89 24
72 90 15
72 91 19
72 92 17
72 93 20
72 94 21
72 95 17
72 96 19
72 97 19
72 98 20
72 99 23
73 74 18
73 75 16
73 76 21
73 77 19
73 78 22
73 79 19
73 80 19
73 81 24
73 82 19
73 83 21
73 84 17
73 85 19
73 86 23
73 87 17
73 88 15
73 89 24
73 90 24
73 91 21
73 92 19
73 93 17
73 94 12
73 95 16
73 96 18
73 97 22
73 98 23
73 99 18
74 75 22
74 76 20
74 77 22
74 78 22
74 79 17
74 80 20
74 81 22
74 82 22
74 83 23
74 84 17
74 85 22
74 86 22
74 87 17
74 88 22
74 89 20
74 90 20
74 91 19
74 92 21
74 93 19
74 94 19
74 95 21
74 96 25
74 97 17
74 98 22
74 99 18
75 76 20
75 77 14
75 78 21
75 79 20
75 80 17
75 81 20
75 82 18
75 83 20
75 84 25
75 85 18
75 86 17
75 87 24
75 88 20
75 89 14
75 90 15
75 91 19
75 92 19
75 93 22
75 94 14
75 95 20
75 96 20
75 97 19
75 98 21
75 99 25
76 77 20
76 78 15
76 79 21
76 80 24
76 81 15
76 82 15
76 83 14
76 84 15
76 85 17
76 86 16
76 87 20
76 88 17
76 89 22
76 90 13
76 91 19
76 92 18
76 93 19
76 94 18
76 95 24
76 96 18
76 97 15
76 98 23
76 99 25
77 78 20
77 79 16
77 80 22
77 81 18
77 82 24
77 83 20
77 84 21
77 85 18
77 86 17
77 87 16
77 88 24
77 89 23
77 90 21
77 91 19
77 92 17
77 93 25
77 94 22
77 95 23
77 96 21
77 97 22
77 98 14
77 99 20
78 79 23
78 80 22
78 81 22
78 82 25
78 83 27
78 84 14
78 85 21
78 86 23
78 87 17
78 88 22
78 89 20
78 90 23
78 91 20
78 92 18
78 93 18
78 94 17
78 95 18
78 96 18
78 97 26
78 98 16
78 99 15
79 80 13
79 81 19
79 82 20
79 83 22
79 84 21
79 85 21
79 86 22
79 87 18
79 88 20
79 89 18
79 90 21
79 91 15
79 92 20
79 93 15
79 94 21
79 95 13
79 96 22
79 97 16
79 98 20
79 99 18
80 81 20
80 82 21
80 83 24
80 84 21
80 85 24
80 86 19
80 87 20
80 88 17
80 89 20
80 90 23
80 91 18
80 92 24
80 93 19
80 94 23
80 95 15
80 96 22
80 97 24
80 98 20
80 99 22
81 82 20
81 83 14
81 84 21
81 85 19
81 86 22
81 87 19
81 88 21
81 89 19
81 90 24
81 91 19
81 92 14
81 93 20
81 94 21
81 95 20
81 96 16
81 97 16
81 98 19
81 99 24
82 83 18
82 84 20
82 85 21
82 86 18
82 87 21
82 88 19
82 89 22
82 90 24
82 91 14
82 92 19
82 93 16
82 94 22
82 95 25
82 96 16
82 97 26
82 98 24
82 99 21
83 84 20
83 85 22
83 86 17
83 87 18
83 88 22
83 89 23
83 90 19
83 91 22
83 92 19
83 93 22
83 94 24
83 95 22
83 96 15
83 97 20
83 98 23
83 99 22
84 85 21
84 86 23
84 87 14
84 88 18
84 89 19
84 90 17
84 91 14
84 92 19
84 93 20
84 94 20
84 95 18
84 96 14
84 97 21
84 98 18
84 99 21
85 86 16
85 87 20
85 88 24
85 89 18
85 90 23
85 91 20
85 92 20
85 93 22
85 94 17
85 95 19
85 96 20
85 97 19
85 98 19
85 99 22
86 87 19
86 88 21
86 89 18
86 90 19
86 91 14
86 92 21
86 93 17
86 94 20
86 95 23
86 96 20
86 97 19
86 98 18
86 99 19
87 88 17
87 89 16
87 90 16
87 91 20
87 92 23
87 93 20
87 94 16
87 95 21
87 96 17
87 97 25
87 98 23
87 99 18
88 89 16
88 90 14
88 91 20
88 92 16
88 93 19
88 94 17
88 95 17
88 96 22
88 97 23
88 98 21
88 99 14
89 90 21
89 91 18
89 92 18
89 93 21
89 94 17
89 95 18
89 96 24
89 97 18
89 98 18
89 99 24
90 91 19
90 92 18
90 93 19
90 94 25
90 95 21
90 96 19
90 97 20
90 98 19
90 99 17
91 92 19
91 93 25
91 94 23
91 95 23
91 96 16
91 97 19
91 98 18
91 99 25
92 93 16
92 94 18
92 95 21
92 96 21
92 97 19
92 98 22
92 99 17
93 94 19
93 95 27
93 96 24
93 97 17
93 98 24
93 99 24
94 95 16
94 96 20
94 97 16
94 98 21
94 99 21
95 96 23
95 97 16
95 98 21
95 99 27
96 97 21
96 98 14
96 99 21
97 98 24
97 99 25
98 99 16
