480
0 0 0 0
1 60 240 300
2 11 171 210
3 18 93 123
4 11 444 470
5 11 352 392
6 20 378 412
7 16 347 396
8 16 209 227
9 15 175 208
10 15 277 301
11 10 301 319
12 10 101 142
13 15 295 338
14 15 244 284
15 19 79 105
16 20 347 387
17 19 86 100
18 15 143 163
19 12 306 316
20 14 307 333
21 15 377 413
22 10 393 426
23 17 440 490
24 20 441 466
25 12 444 485
26 19 434 481
27 14 309 333
28 16 415 427
29 18 392 402
30 16 187 204
31 15 300 348
32 11 102 139
33 19 271 291
34 18 74 105
35 15 240 290
36 14 253 275
37 11 130 141
38 16 29 41
39 18 336 384
40 19 418 450
41 15 20 69
42 13 458 488
43 11 281 312
44 11 58 78
45 12 154 181
46 16 287 319
47 17 412 430
48 19 266 316
49 19 113 129
