480
0 0 0 0
1 60 240 300
2 18 330 348
3 11 228 277
4 11 187 228
5 20 345 388
6 16 273 313
7 16 437 465
8 15 94 119
9 15 260 294
10 10 158 194
11 10 90 108
12 15 356 392
13 15 370 401
14 19 340 357
15 20 188 228
16 19 342 359
17 15 47 69
18 12 119 156
19 14 6 43
20 15 186 229
21 10 297 341
22 17 260 309
23 20 452 501
24 12 177 226
25 19 355 403
26 14 420 457
27 16 166 212
28 18 24 68
29 16 2 28
30 15 79 115
31 11 427 446
32 19 303 337
33 18 121 137
34 15 245 276
35 14 456 488
36 11 137 158
37 16 13 25
38 18 27 66
39 19 431 478
40 15 247 258
41 13 442 492
42 11 232 267
43 11 237 252
44 12 121 144
45 16 190 225
46 17 255 301
47 19 98 131
48 19 446 466
49 14 77 98
