540
0 0 0 0
1 60 300 360
2 16 425 460
3 20 60 89
4 19 336 353
5 20 285 323
6 19 281 294
7 16 491 506
8 11 520 544
9 13 252 265
10 14 478 516
11 17 309 327
12 11 432 473
13 16 38 53
14 13 434 444
15 15 1 11
16 10 221 266
17 16 393 426
18 20 206 239
19 19 60 72
20 14 210 258
21 11 172 185
22 12 353 397
23 12 175 194
24 13 475 504
25 18 326 363
26 10 194 211
27 13 471 518
28 10 343 380
29 17 16 29
30 18 446 484
31 13 286 300
32 20 230 255
33 18 405 439
34 10 449 469
35 13 267 304
36 14 251 292
37 10 291 305
38 19 281 300
39 13 57 78
40 17 200 233
41 17 289 306
42 17 339 370
43 19 43 82
44 11 247 291
45 10 125 173
46 20 462 474
47 15 400 440
48 14 162 212
49 20 58 69
50 16 176 209
51 16 353 395
52 15 422 456
53 18 211 251
54 18 95 130
55 10 203 224
56 18 510 543
57 11 34 79
58 11 421 462
59 13 419 458
60 19 328 352
61 17 281 303
62 12 280 329
63 17 425 461
64 14 333 361
65 19 482 499
66 17 344 354
67 16 355 395
68 17 335 376
69 20 339 385
70 11 360 373
71 17 209 242
72 19 430 479
73 20 417 445
74 12 132 170
75 10 513 523
76 17 39 64
77 13 433 443
78 15 505 518
79 14 277 299
80 14 483 526
81 12 390 438
82 18 196 225
83 11 243 269
84 13 260 307
85 20 30 45
86 11 40 76
87 13 306 321
88 13 388 423
89 19 304 339
90 15 45 65
91 16 483 494
92 15 165 210
93 10 382 427
94 14 132 179
95 19 91 140
96 17 381 415
97 19 368 394
98 17 96 129
99 11 211 240
