480
0 0 0 0
1 60 240 300
2 17 104 135
3 16 346 389
4 12 409 424
5 19 219 252
6 19 450 492
7 17 405 432
8 19 343 367
9 19 217 249
10 16 25 71
11 14 37 82
12 15 373 419
13 19 53 80
14 11 318 367
15 19 225 254
16 19 209 247
17 16 276 298
18 17 150 177
19 19 226 240
20 11 208 242
21 14 429 458
22 18 48 91
23 18 209 221
24 17 159 170
25 11 239 285
26 18 66 110
27 18 419 452
28 13 46 80
29 12 95 130
30 17 68 116
31 11 121 155
32 15 132 182
33 10 446 465
34 16 263 303
35 16 87 128
36 17 380 392
37 19 213 257
38 19 441 486
39 16 266 307
40 10 371 395
41 17 433 445
42 13 372 401
43 19 33 76
44 10 306 345
45 16 434 461
46 10 164 179
47 20 75 116
48 13 447 463
49 13 115 146
50 19 455 469
51 15 161 201
52 11 434 462
53 17 275 298
54 10 323 333
55 19 361 371
56 20 276 315
57 19 282 305
58 10 177 226
59 13 291 305
60 20 45 63
61 10 459 491
62 18 303 340
63 17 81 125
64 15 263 283
65 18 241 264
66 16 133 167
67 12 139 152
68 16 101 117
69 20 156 183
70 11 250 291
71 10 99 146
72 11 426 439
73 15 52 68
74 13 72 100
75 16 361 407
76 17 68 114
77 14 107 145
78 11 220 248
79 20 36 61
80 12 130 172
81 19 93 111
82 17 260 290
83 14 96 127
84 13 11 21
85 16 365 399
86 19 309 345
87 14 288 306
88 15 292 319
89 20 94 110
90 16 391 423
91 13 145 162
92 12 220 242
93 17 145 164
94 10 281 310
95 20 74 108
96 12 109 135
97 18 185 233
98 13 299 336
99 11 440 478
100 14 353 376
101 12 276 303
102 14 158 187
103 20 326 357
104 12 340 388
105 12 433 478
106 16 460 495
107 15 380 417
108 15 354 395
109 17 431 475
110 18 156 186
111 14 379 420
112 10 0 23
113 10 386 403
114 18 43 85
115 19 355 384
116 14 188 238
117 14 313 328
118 17 30 59
119 18 212 225
120 11 238 257
121 14 254 283
122 16 388 417
123 15 295 314
124 19 51 83
125 15 136 163
126 16 56 79
127 19 127 154
128 11 343 390
129 12 328 353
130 19 49 79
131 14 189 238
132 16 148 186
133 12 146 158
134 18 197 222
135 12 111 147
136 17 414 450
137 19 386 431
138 15 248 260
139 11 150 184
140 15 448 473
141 10 109 143
142 18 425 441
143 13 225 274
144 15 179 203
145 15 75 112
146 19 91 129
147 14 7 23
148 15 407 432
149 17 157 199
150 10 62 108
151 16 146 188
152 11 83 121
153 17 376 426
154 10 12 52
155 12 227 247
156 12 323 344
157 11 162 205
158 18 92 125
159 17 157 201
160 15 114 161
161 16 15 34
162 13 232 244
163 14 299 324
164 13 411 424
165 16 175 216
166 14 186 235
167 17 361 405
168 11 411 461
169 19 36 61
170 18 159 192
171 16 261 283
172 20 230 260
173 12 163 183
174 15 427 448
175 16 110 122
176 12 255 273
177 16 439 475
178 11 223 268
179 13 214 233
180 16 355 396
181 20 148 186
182 18 30 50
183 16 219 230
184 18 244 277
185 15 20 52
186 13 372 410
187 12 362 393
188 20 91 105
189 12 351 397
190 17 80 110
191 13 123 147
192 11 66 99
193 11 390 416
194 15 87 109
195 19 176 218
196 12 163 205
197 11 16 39
198 18 114 135
199 16 332 369
200 11 255 289
201 12 270 315
202 13 112 155
203 17 282 298
204 14 101 129
205 10 62 94
206 18 115 146
207 19 70 106
208 14 349 398
209 16 200 217
210 18 16 34
211 18 395 420
212 19 369 405
213 15 42 76
214 18 242 275
215 16 168 194
216 15 165 192
217 12 152 167
218 10 296 315
219 10 228 239
220 20 242 266
221 11 196 238
222 11 198 229
223 17 184 232
224 18 298 312
225 14 301 342
226 12 131 155
227 17 293 333
228 11 426 450
229 20 195 237
230 12 379 403
231 19 333 369
232 20 342 375
233 18 380 426
234 18 430 469
235 18 240 267
236 20 46 62
237 18 65 91
238 14 231 275
239 20 295 305
240 17 27 75
241 10 321 367
242 14 175 220
243 10 10 35
244 17 312 346
245 17 380 428
246 18 175 207
247 16 61 108
248 14 428 448
249 16 90 107
250 20 29 72
251 14 69 102
252 14 375 406
253 19 50 96
254 16 142 154
255 20 29 71
256 16 377 416
257 10 52 92
258 10 65 109
259 15 85 131
260 16 372 417
261 15 360 401
262 15 424 449
263 16 245 272
264 11 30 80
265 20 134 158
266 16 375 387
267 12 360 402
268 20 58 75
269 12 327 338
270 12 163 204
271 17 179 222
272 18 320 330
273 13 305 319
274 20 85 99
275 17 399 444
276 19 312 351
277 19 173 210
278 20 105 119
279 20 275 285
280 12 222 243
281 18 225 237
282 14 307 318
283 17 259 298
284 12 435 461
285 14 54 90
286 18 333 345
287 11 208 229
288 15 341 364
289 11 42 75
290 14 348 379
291 16 206 249
292 14 385 433
293 20 300 315
294 17 14 56
295 11 63 105
296 14 282 328
297 11 130 166
298 15 174 213
299 19 317 344
300 17 232 281
301 15 293 310
302 13 260 276
303 16 351 399
304 11 277 321
305 11 409 453
306 20 127 170
307 15 371 395
308 19 408 456
309 14 333 361
310 11 285 334
311 17 95 137
312 20 61 71
313 20 20 49
314 12 394 409
315 13 12 39
316 19 280 304
317 19 52 93
318 16 147 167
319 17 132 181
320 10 103 124
321 13 176 203
322 10 133 159
323 20 341 363
324 16 13 31
325 13 87 130
326 12 215 248
327 18 315 330
328 11 116 159
329 12 118 159
330 15 39 68
331 16 405 443
332 11 155 186
333 13 162 192
334 13 291 336
335 18 308 334
336 15 458 476
337 19 425 457
338 18 312 322
339 11 393 435
340 17 311 353
341 13 220 270
342 15 204 217
343 14 127 154
344 13 68 111
345 13 274 309
346 10 278 300
347 12 406 417
348 18 244 283
349 12 220 238
350 10 227 271
351 14 275 293
352 18 45 85
353 12 120 141
354 18 156 170
355 18 434 446
356 11 186 217
357 13 458 492
358 17 316 349
359 10 301 346
360 10 420 451
361 14 220 253
362 13 92 127
363 14 15 30
364 10 206 216
365 11 321 359
366 20 318 339
367 11 149 195
368 13 312 358
369 11 13 27
370 15 123 143
371 19 142 169
372 19 65 110
373 15 336 372
374 11 86 128
375 16 450 479
376 15 200 212
377 16 14 41
378 14 237 253
379 20 345 385
380 16 45 78
381 20 3 18
382 18 410 434
383 18 350 377
384 17 399 429
385 13 70 97
386 11 19 58
387 17 56 91
388 18 174 223
389 15 200 233
390 16 17 42
391 16 321 344
392 17 274 291
393 16 1 25
394 17 34 54
395 12 319 361
396 19 103 120
397 18 203 213
398 18 297 322
399 11 291 336
400 19 149 194
401 13 350 384
402 16 309 325
403 11 36 57
404 13 169 218
405 12 395 433
406 15 48 65
407 19 179 203
408 19 453 488
409 19 368 402
410 10 245 276
411 18 2 14
412 11 371 409
413 14 130 173
414 14 421 442
415 15 317 359
416 14 352 402
417 17 37 75
418 20 454 472
419 11 358 393
420 13 156 195
421 20 382 420
422 10 120 142
423 19 313 362
424 12 64 93
425 13 99 121
426 11 95 106
427 11 72 100
428 10 402 418
429 12 396 414
430 10 119 156
431 11 451 487
432 11 165 198
433 19 314 356
434 17 55 74
435 12 454 471
436 14 421 463
437 10 345 368
438 15 26 50
439 15 40 68
440 20 230 241
441 20 337 374
442 11 357 406
443 10 451 481
444 14 254 267
445 10 437 466
446 14 198 245
447 10 146 180
448 11 392 411
449 15 189 215
450 19 257 305
451 15 111 156
452 15 455 501
453 14 404 445
454 19 185 223
455 16 44 69
456 14 403 425
457 17 67 98
458 16 195 214
459 17 65 115
460 16 213 232
461 16 324 335
462 18 194 210
463 12 27 52
464 10 442 465
465 10 113 151
466 19 258 297
467 18 225 250
468 15 311 335
469 13 45 83
470 13 307 325
471 18 163 192
472 15 429 459
473 19 437 454
474 20 229 264
475 15 413 424
476 20 73 106
477 12 203 229
478 17 32 50
479 16 376 415
480 13 104 147
481 20 34 71
482 14 346 385
483 13 262 281
484 11 21 70
485 17 155 177
486 18 139 172
487 20 315 333
488 16 50 71
489 15 359 406
490 13 46 86
491 15 70 120
492 15 205 230
493 17 72 86
494 15 369 390
495 12 452 501
496 13 311 355
497 15 80 125
498 17 149 160
499 15 1 27
500 17 387 407
501 14 218 262
502 13 48 65
503 11 437 466
504 10 331 360
505 19 83 132
506 19 247 295
507 20 146 161
508 13 440 454
509 17 142 173
510 11 303 340
511 11 271 312
512 14 124 154
513 10 274 321
514 10 134 183
515 18 254 289
516 14 311 336
517 15 309 354
518 18 399 438
519 16 143 153
520 12 76 119
521 11 248 293
522 12 190 205
523 14 278 323
524 17 243 272
525 12 130 155
526 18 362 397
527 16 395 407
528 19 361 398
529 12 150 170
530 15 162 202
531 19 308 337
532 15 268 312
533 13 111 122
534 12 181 191
535 18 54 84
536 14 217 258
537 17 259 295
538 15 4 31
539 13 452 494
540 19 406 419
541 14 249 299
542 19 288 298
543 10 352 372
544 11 282 297
545 12 368 408
546 18 36 61
547 10 451 469
548 16 355 379
549 14 53 84
550 16 291 311
551 12 397 413
552 14 308 343
553 12 118 131
554 15 312 324
555 17 43 69
556 11 133 173
557 16 399 439
558 17 215 230
559 15 435 465
560 16 34 75
561 19 235 284
562 13 263 281
563 17 223 251
564 10 123 137
565 12 66 79
566 20 214 249
567 12 297 328
568 12 452 479
569 20 229 246
570 20 424 470
571 16 172 196
572 15 144 175
573 12 314 336
574 19 250 287
575 18 31 47
576 10 329 341
577 13 172 220
578 16 268 311
579 12 123 169
580 13 150 192
581 15 431 467
582 20 6 53
583 14 103 133
584 19 416 438
585 16 213 250
586 13 248 283
587 19 10 56
588 19 291 335
589 12 322 368
590 12 48 61
591 12 452 488
592 13 133 151
593 19 396 438
594 12 3 31
595 20 442 456
596 16 421 448
597 19 2 29
598 15 369 386
599 20 390 424
600 16 440 459
601 15 286 324
602 20 161 197
603 17 31 49
604 19 415 427
605 20 261 293
606 18 142 192
607 14 451 467
608 20 312 332
609 18 387 408
610 12 173 191
611 12 386 423
612 11 82 128
613 14 47 89
614 19 341 367
615 12 67 79
616 18 298 336
617 10 280 329
618 19 415 464
619 16 348 380
620 10 77 122
621 19 259 290
622 16 188 218
623 20 397 435
624 12 319 331
625 20 122 138
626 13 369 402
627 20 454 484
628 19 138 150
629 12 325 338
630 17 205 250
631 15 225 242
632 13 179 202
633 16 65 111
634 15 83 128
635 10 37 79
636 11 442 459
637 13 379 420
638 11 210 248
639 17 278 289
640 20 41 81
641 13 237 272
642 20 412 430
643 20 22 46
644 11 248 263
645 10 17 44
646 12 206 228
647 17 292 325
648 10 72 116
649 10 232 244
650 20 240 283
651 18 171 221
652 15 347 372
653 15 71 81
654 20 399 409
655 15 161 194
656 10 175 201
657 11 292 311
658 13 153 189
659 12 444 455
660 14 98 125
661 13 378 401
662 11 98 120
663 11 131 156
664 10 258 279
665 12 243 281
666 13 405 432
667 14 246 273
668 14 439 484
669 12 239 281
670 12 62 80
671 11 91 101
672 10 321 343
673 12 122 168
674 11 33 58
675 10 198 228
676 13 47 67
677 14 165 206
678 10 199 240
679 14 247 296
680 18 346 387
681 16 230 241
682 11 187 205
683 10 81 96
684 17 130 150
685 14 422 435
686 17 99 122
687 13 431 476
688 19 130 170
689 20 260 293
690 20 327 362
691 13 134 182
692 18 420 453
693 17 214 242
694 19 452 494
695 17 221 265
696 12 37 75
697 11 98 138
698 20 366 411
699 15 320 346
700 14 448 465
701 10 117 141
702 14 229 266
703 10 194 206
704 11 338 372
705 14 296 339
706 17 107 122
707 13 308 358
708 19 364 381
709 17 236 267
710 12 445 491
711 17 360 386
712 18 382 411
713 13 179 208
714 12 26 66
715 10 266 293
716 11 194 231
717 20 341 372
718 11 129 165
719 10 415 448
720 20 303 320
721 20 458 502
722 12 270 312
723 11 119 162
724 13 149 159
725 15 103 130
726 10 24 38
727 18 432 444
728 14 191 238
729 18 415 446
730 19 409 447
731 18 352 373
732 19 73 101
733 12 293 317
734 15 254 283
735 14 112 140
736 14 344 394
737 16 109 149
738 20 260 287
739 13 18 52
740 10 62 112
741 19 342 361
742 14 4 32
743 18 371 417
744 16 223 243
745 16 69 100
746 10 258 292
747 10 37 86
748 11 445 462
749 16 100 144
750 14 210 254
751 15 417 457
752 12 400 436
753 16 355 390
754 10 62 110
755 10 87 116
756 17 363 410
757 15 54 79
758 19 192 229
759 14 181 207
760 16 45 79
761 16 27 53
762 14 399 409
763 20 346 375
764 16 27 53
765 18 318 366
766 12 269 295
767 20 370 387
768 19 218 257
769 15 422 472
770 10 50 96
771 18 268 284
772 18 219 248
773 16 18 62
774 12 384 395
775 11 11 36
776 16 7 44
777 11 31 75
778 11 257 306
779 19 149 169
780 15 160 210
781 13 68 88
782 20 36 54
783 20 340 362
784 17 440 467
785 20 344 372
786 10 323 352
787 11 294 323
788 16 128 142
789 15 348 397
790 18 183 228
791 10 423 461
792 19 312 328
793 19 281 315
794 14 415 435
795 18 214 254
796 11 58 106
797 17 253 276
798 19 392 423
799 17 331 369
800 17 243 286
801 13 257 271
802 20 295 332
803 19 174 197
804 12 242 253
805 18 44 94
806 13 291 312
807 16 413 436
808 16 12 56
809 12 46 61
810 11 410 442
811 12 356 390
812 19 418 466
813 11 143 177
814 10 117 127
815 17 357 392
816 10 100 138
817 11 421 469
818 12 314 358
819 14 187 227
820 19 15 47
821 18 362 396
822 12 8 54
823 17 431 472
824 11 405 449
825 14 258 277
826 19 257 281
827 16 440 461
828 15 279 291
829 13 143 190
830 11 440 485
831 12 34 50
832 14 378 410
833 11 399 421
834 19 262 312
835 14 131 150
836 16 346 380
837 14 118 143
838 11 383 410
839 16 84 98
840 10 321 340
841 20 100 138
842 15 29 61
843 17 132 151
844 19 415 450
845 16 352 379
846 20 146 170
847 10 108 136
848 18 357 382
849 14 85 112
850 11 321 331
851 12 164 174
852 10 423 460
853 16 439 464
854 16 35 73
855 20 127 174
856 19 388 434
857 18 41 60
858 18 445 495
859 19 169 200
860 14 251 271
861 12 71 119
862 15 160 203
863 13 189 223
864 16 255 273
865 13 438 466
866 12 301 322
867 12 151 188
868 16 306 332
869 13 72 94
870 20 34 44
871 14 130 179
872 16 326 351
873 14 333 363
874 10 26 44
875 18 359 381
876 18 193 211
877 10 308 335
878 18 55 69
879 19 269 291
880 10 249 269
881 15 228 272
882 11 1 34
883 11 8 56
884 12 73 87
885 13 98 144
886 15 324 345
887 16 351 378
888 10 22 66
889 15 314 358
890 18 270 307
891 12 71 89
892 18 266 293
893 16 227 239
894 10 52 74
895 18 185 228
896 15 453 464
897 10 270 313
898 15 433 465
899 11 426 453
900 13 279 315
901 19 390 439
902 18 380 393
903 13 111 134
904 20 455 494
905 14 296 316
906 16 131 157
907 19 155 184
908 13 325 339
909 19 306 328
910 11 454 466
911 14 194 235
912 19 327 366
913 10 120 151
914 17 36 63
915 20 8 31
916 18 114 161
917 17 27 70
918 15 165 177
919 12 232 249
920 20 99 118
921 18 320 355
922 10 243 271
923 20 317 350
924 14 450 498
925 13 416 431
926 11 353 390
927 16 102 117
928 17 211 236
929 12 358 385
930 11 341 374
931 14 84 110
932 18 432 455
933 16 60 101
934 17 269 293
935 16 44 84
936 12 81 91
937 10 211 245
938 10 368 401
939 12 115 146
940 10 349 364
941 15 440 454
942 11 350 396
943 16 90 126
944 17 213 223
945 20 171 210
946 20 193 231
947 13 71 86
948 17 160 191
949 10 175 199
950 16 174 219
951 14 357 388
952 11 121 168
953 13 427 442
954 20 456 480
955 14 92 127
956 13 120 147
957 17 14 39
958 10 353 398
959 12 266 288
960 20 5 33
961 17 77 100
962 13 185 199
963 14 303 338
964 13 385 395
965 10 207 257
966 20 347 380
967 11 150 194
968 11 98 119
969 17 239 264
970 10 320 344
971 11 33 62
972 16 169 192
973 14 269 299
974 12 225 268
975 19 373 401
976 18 348 397
977 13 151 166
978 12 30 46
979 15 339 366
980 17 265 306
981 15 135 148
982 20 22 64
983 20 371 413
984 12 229 272
985 17 143 181
986 14 289 319
987 16 274 292
988 19 165 210
989 19 459 472
990 12 308 343
991 11 164 199
992 12 421 437
993 14 103 127
994 16 269 307
995 10 260 288
996 10 401 421
997 15 288 338
998 16 358 388
999 12 109 144
