540
0 0 0 0
1 60 300 360
2 17 0 540
3 16 0 540
4 12 0 540
5 19 0 540
6 19 0 540
7 17 0 540
8 19 0 540
9 19 0 540
10 16 0 540
11 14 0 540
12 15 0 540
13 19 0 540
14 11 0 540
15 19 0 540
16 19 0 540
17 16 0 540
18 17 0 540
19 19 0 540
20 11 0 540
21 14 0 540
22 18 0 540
23 18 0 540
24 17 0 540
25 11 0 540
26 18 0 540
27 18 0 540
28 13 0 540
29 12 0 540
30 17 0 540
31 11 0 540
32 15 0 540
33 10 0 540
34 16 0 540
35 16 0 540
36 17 0 540
37 19 0 540
38 19 0 540
39 16 0 540
40 10 0 540
41 17 0 540
42 13 0 540
43 19 0 540
44 10 0 540
45 16 0 540
46 10 0 540
47 20 0 540
48 13 0 540
49 13 0 540
50 19 0 540
51 15 0 540
52 11 0 540
53 17 0 540
54 10 0 540
55 19 0 540
56 20 0 540
57 19 0 540
58 10 0 540
59 13 0 540
60 20 0 540
61 10 0 540
62 18 0 540
63 17 0 540
64 15 0 540
65 18 0 540
66 16 0 540
67 12 0 540
68 16 0 540
69 20 0 540
70 11 0 540
71 10 0 540
72 11 0 540
73 15 0 540
74 13 0 540
75 16 0 540
76 17 0 540
77 14 0 540
78 11 0 540
79 20 0 540
80 12 0 540
81 19 0 540
82 17 0 540
83 14 0 540
84 13 0 540
85 16 0 540
86 19 0 540
87 14 0 540
88 15 0 540
89 20 0 540
90 16 0 540
91 13 0 540
92 12 0 540
93 17 0 540
94 10 0 540
95 20 0 540
96 12 0 540
97 18 0 540
98 13 0 540
99 11 0 540
100 14 0 540
101 12 0 540
102 14 0 540
103 20 0 540
104 12 0 540
105 12 0 540
106 16 0 540
107 15 0 540
108 15 0 540
109 17 0 540
110 18 0 540
111 14 0 540
112 10 0 540
113 10 0 540
114 18 0 540
115 19 0 540
116 14 0 540
117 14 0 540
118 17 0 540
119 18 0 540
120 11 0 540
121 14 0 540
122 16 0 540
123 15 0 540
124 19 0 540
125 15 0 540
126 16 0 540
127 19 0 540
128 11 0 540
129 12 0 540
130 19 0 540
131 14 0 540
132 16 0 540
133 12 0 540
134 18 0 540
135 12 0 540
136 17 0 540
137 19 0 540
138 15 0 540
139 11 0 540
140 15 0 540
141 10 0 540
142 18 0 540
143 13 0 540
144 15 0 540
145 15 0 540
146 19 0 540
147 14 0 540
148 15 0 540
149 17 0 540
150 10 0 540
151 16 0 540
152 11 0 540
153 17 0 540
154 10 0 540
155 12 0 540
156 12 0 540
157 11 0 540
158 18 0 540
159 17 0 540
160 15 0 540
161 16 0 540
162 13 0 540
163 14 0 540
164 13 0 540
165 16 0 540
166 14 0 540
167 17 0 540
168 11 0 540
169 19 0 540
170 18 0 540
171 16 0 540
172 20 0 540
173 12 0 540
174 15 0 540
175 16 0 540
176 12 0 540
177 16 0 540
178 11 0 540
179 13 0 540
180 16 0 540
181 20 0 540
182 18 0 540
183 16 0 540
184 18 0 540
185 15 0 540
186 13 0 540
187 12 0 540
188 20 0 540
189 12 0 540
190 17 0 540
191 13 0 540
192 11 0 540
193 11 0 540
194 15 0 540
195 19 0 540
196 12 0 540
197 11 0 540
198 18 0 540
199 16 0 540
200 11 0 540
201 12 0 540
202 13 0 540
203 17 0 540
204 14 0 540
205 10 0 540
206 18 0 540
207 19 0 540
208 14 0 540
209 16 0 540
210 18 0 540
211 18 0 540
212 19 0 540
213 15 0 540
214 18 0 540
215 16 0 540
216 15 0 540
217 12 0 540
218 10 0 540
219 10 0 540
220 20 0 540
221 11 0 540
222 11 0 540
223 17 0 540
224 18 0 540
225 14 0 540
226 12 0 540
227 17 0 540
228 11 0 540
229 20 0 540
230 12 0 540
231 19 0 540
232 20 0 540
233 18 0 540
234 18 0 540
235 18 0 540
236 20 0 540
237 18 0 540
238 14 0 540
239 20 0 540
240 17 0 540
241 10 0 540
242 14 0 540
243 10 0 540
244 17 0 540
245 17 0 540
246 18 0 540
247 16 0 540
248 14 0 540
249 16 0 540
250 20 0 540
251 14 0 540
252 14 0 540
253 19 0 540
254 16 0 540
255 20 0 540
256 16 0 540
257 10 0 540
258 10 0 540
259 15 0 540
260 16 0 540
261 15 0 540
262 15 0 540
263 16 0 540
264 11 0 540
265 20 0 540
266 16 0 540
267 12 0 540
268 20 0 540
269 12 0 540
270 12 0 540
271 17 0 540
272 18 0 540
273 13 0 540
274 20 0 540
275 17 0 540
276 19 0 540
277 19 0 540
278 20 0 540
279 20 0 540
280 12 0 540
281 18 0 540
282 14 0 540
283 17 0 540
284 12 0 540
285 14 0 540
286 18 0 540
287 11 0 540
288 15 0 540
289 11 0 540
290 14 0 540
291 16 0 540
292 14 0 540
293 20 0 540
294 17 0 540
295 11 0 540
296 14 0 540
297 11 0 540
298 15 0 540
299 19 0 540
300 17 0 540
301 15 0 540
302 13 0 540
303 16 0 540
304 11 0 540
305 11 0 540
306 20 0 540
307 15 0 540
308 19 0 540
309 14 0 540
310 11 0 540
311 17 0 540
312 20 0 540
313 20 0 540
314 12 0 540
315 13 0 540
316 19 0 540
317 19 0 540
318 16 0 540
319 17 0 540
320 10 0 540
321 13 0 540
322 10 0 540
323 20 0 540
324 16 0 540
325 13 0 540
326 12 0 540
327 18 0 540
328 11 0 540
329 12 0 540
330 15 0 540
331 16 0 540
332 11 0 540
333 13 0 540
334 13 0 540
335 18 0 540
336 15 0 540
337 19 0 540
338 18 0 540
339 11 0 540
340 17 0 540
341 13 0 540
342 15 0 540
343 14 0 540
344 13 0 540
345 13 0 540
346 10 0 540
347 12 0 540
348 18 0 540
349 12 0 540
350 10 0 540
351 14 0 540
352 18 0 540
353 12 0 540
354 18 0 540
355 18 0 540
356 11 0 540
357 13 0 540
358 17 0 540
359 10 0 540
360 10 0 540
361 14 0 540
362 13 0 540
363 14 0 540
364 10 0 540
365 11 0 540
366 20 0 540
367 11 0 540
368 13 0 540
369 11 0 540
370 15 0 540
371 19 0 540
372 19 0 540
373 15 0 540
374 11 0 540
375 16 0 540
376 15 0 540
377 16 0 540
378 14 0 540
379 20 0 540
380 16 0 540
381 20 0 540
382 18 0 540
383 18 0 540
384 17 0 540
385 13 0 540
386 11 0 540
387 17 0 540
388 18 0 540
389 15 0 540
390 16 0 540
391 16 0 540
392 17 0 540
393 16 0 540
394 17 0 540
395 12 0 540
396 19 0 540
397 18 0 540
398 18 0 540
399 11 0 540
400 19 0 540
401 13 0 540
402 16 0 540
403 11 0 540
404 13 0 540
405 12 0 540
406 15 0 540
407 19 0 540
408 19 0 540
409 19 0 540
410 10 0 540
411 18 0 540
412 11 0 540
413 14 0 540
414 14 0 540
415 15 0 540
416 14 0 540
417 17 0 540
418 20 0 540
419 11 0 540
420 13 0 540
421 20 0 540
422 10 0 540
423 19 0 540
424 12 0 540
425 13 0 540
426 11 0 540
427 11 0 540
428 10 0 540
429 12 0 540
430 10 0 540
431 11 0 540
432 11 0 540
433 19 0 540
434 17 0 540
435 12 0 540
436 14 0 540
437 10 0 540
438 15 0 540
439 15 0 540
440 20 0 540
441 20 0 540
442 11 0 540
443 10 0 540
444 14 0 540
445 10 0 540
446 14 0 540
447 10 0 540
448 11 0 540
449 15 0 540
450 19 0 540
451 15 0 540
452 15 0 540
453 14 0 540
454 19 0 540
455 16 0 540
456 14 0 540
457 17 0 540
458 16 0 540
459 17 0 540
460 16 0 540
461 16 0 540
462 18 0 540
463 12 0 540
464 10 0 540
465 10 0 540
466 19 0 540
467 18 0 540
468 15 0 540
469 13 0 540
470 13 0 540
471 18 0 540
472 15 0 540
473 19 0 540
474 20 0 540
475 15 0 540
476 20 0 540
477 12 0 540
478 17 0 540
479 16 0 540
480 13 0 540
481 20 0 540
482 14 0 540
483 13 0 540
484 11 0 540
485 17 0 540
486 18 0 540
487 20 0 540
488 16 0 540
489 15 0 540
490 13 0 540
491 15 0 540
492 15 0 540
493 17 0 540
494 15 0 540
495 12 0 540
496 13 0 540
497 15 0 540
498 17 0 540
499 15 0 540
500 17 0 540
501 14 0 540
502 13 0 540
503 11 0 540
504 10 0 540
505 19 0 540
506 19 0 540
507 20 0 540
508 13 0 540
509 17 0 540
510 11 0 540
511 11 0 540
512 14 0 540
513 10 0 540
514 10 0 540
515 18 0 540
516 14 0 540
517 15 0 540
518 18 0 540
519 16 0 540
520 12 0 540
521 11 0 540
522 12 0 540
523 14 0 540
524 17 0 540
525 12 0 540
526 18 0 540
527 16 0 540
528 19 0 540
529 12 0 540
530 15 0 540
531 19 0 540
532 15 0 540
533 13 0 540
534 12 0 540
535 18 0 540
536 14 0 540
537 17 0 540
538 15 0 540
539 13 0 540
540 19 0 540
541 14 0 540
542 19 0 540
543 10 0 540
544 11 0 540
545 12 0 540
546 18 0 540
547 10 0 540
548 16 0 540
549 14 0 540
550 16 0 540
551 12 0 540
552 14 0 540
553 12 0 540
554 15 0 540
555 17 0 540
556 11 0 540
557 16 0 540
558 17 0 540
559 15 0 540
560 16 0 540
561 19 0 540
562 13 0 540
563 17 0 540
564 10 0 540
565 12 0 540
566 20 0 540
567 12 0 540
568 12 0 540
569 20 0 540
570 20 0 540
571 16 0 540
572 15 0 540
573 12 0 540
574 19 0 540
575 18 0 540
576 10 0 540
577 13 0 540
578 16 0 540
579 12 0 540
580 13 0 540
581 15 0 540
582 20 0 540
583 14 0 540
584 19 0 540
585 16 0 540
586 13 0 540
587 19 0 540
588 19 0 540
589 12 0 540
590 12 0 540
591 12 0 540
592 13 0 540
593 19 0 540
594 12 0 540
595 20 0 540
596 16 0 540
597 19 0 540
598 15 0 540
599 20 0 540
600 16 0 540
601 15 0 540
602 20 0 540
603 17 0 540
604 19 0 540
605 20 0 540
606 18 0 540
607 14 0 540
608 20 0 540
609 18 0 540
610 12 0 540
611 12 0 540
612 11 0 540
613 14 0 540
614 19 0 540
615 12 0 540
616 18 0 540
617 10 0 540
618 19 0 540
619 16 0 540
620 10 0 540
621 19 0 540
622 16 0 540
623 20 0 540
624 12 0 540
625 20 0 540
626 13 0 540
627 20 0 540
628 19 0 540
629 12 0 540
630 17 0 540
631 15 0 540
632 13 0 540
633 16 0 540
634 15 0 540
635 10 0 540
636 11 0 540
637 13 0 540
638 11 0 540
639 17 0 540
640 20 0 540
641 13 0 540
642 20 0 540
643 20 0 540
644 11 0 540
645 10 0 540
646 12 0 540
647 17 0 540
648 10 0 540
649 10 0 540
650 20 0 540
651 18 0 540
652 15 0 540
653 15 0 540
654 20 0 540
655 15 0 540
656 10 0 540
657 11 0 540
658 13 0 540
659 12 0 540
660 14 0 540
661 13 0 540
662 11 0 540
663 11 0 540
664 10 0 540
665 12 0 540
666 13 0 540
667 14 0 540
668 14 0 540
669 12 0 540
670 12 0 540
671 11 0 540
672 10 0 540
673 12 0 540
674 11 0 540
675 10 0 540
676 13 0 540
677 14 0 540
678 10 0 540
679 14 0 540
680 18 0 540
681 16 0 540
682 11 0 540
683 10 0 540
684 17 0 540
685 14 0 540
686 17 0 540
687 13 0 540
688 19 0 540
689 20 0 540
690 20 0 540
691 13 0 540
692 18 0 540
693 17 0 540
694 19 0 540
695 17 0 540
696 12 0 540
697 11 0 540
698 20 0 540
699 15 0 540
700 14 0 540
701 10 0 540
702 14 0 540
703 10 0 540
704 11 0 540
705 14 0 540
706 17 0 540
707 13 0 540
708 19 0 540
709 17 0 540
710 12 0 540
711 17 0 540
712 18 0 540
713 13 0 540
714 12 0 540
715 10 0 540
716 11 0 540
717 20 0 540
718 11 0 540
719 10 0 540
720 20 0 540
721 20 0 540
722 12 0 540
723 11 0 540
724 13 0 540
725 15 0 540
726 10 0 540
727 18 0 540
728 14 0 540
729 18 0 540
730 19 0 540
731 18 0 540
732 19 0 540
733 12 0 540
734 15 0 540
735 14 0 540
736 14 0 540
737 16 0 540
738 20 0 540
739 13 0 540
740 10 0 540
741 19 0 540
742 14 0 540
743 18 0 540
744 16 0 540
745 16 0 540
746 10 0 540
747 10 0 540
748 11 0 540
749 16 0 540
750 14 0 540
751 15 0 540
752 12 0 540
753 16 0 540
754 10 0 540
755 10 0 540
756 17 0 540
757 15 0 540
758 19 0 540
759 14 0 540
760 16 0 540
761 16 0 540
762 14 0 540
763 20 0 540
764 16 0 540
765 18 0 540
766 12 0 540
767 20 0 540
768 19 0 540
769 15 0 540
770 10 0 540
771 18 0 540
772 18 0 540
773 16 0 540
774 12 0 540
775 11 0 540
776 16 0 540
777 11 0 540
778 11 0 540
779 19 0 540
780 15 0 540
781 13 0 540
782 20 0 540
783 20 0 540
784 17 0 540
785 20 0 540
786 10 0 540
787 11 0 540
788 16 0 540
789 15 0 540
790 18 0 540
791 10 0 540
792 19 0 540
793 19 0 540
794 14 0 540
795 18 0 540
796 11 0 540
797 17 0 540
798 19 0 540
799 17 0 540
800 17 0 540
801 13 0 540
802 20 0 540
803 19 0 540
804 12 0 540
805 18 0 540
806 13 0 540
807 16 0 540
808 16 0 540
809 12 0 540
810 11 0 540
811 12 0 540
812 19 0 540
813 11 0 540
814 10 0 540
815 17 0 540
816 10 0 540
817 11 0 540
818 12 0 540
819 14 0 540
820 19 0 540
821 18 0 540
822 12 0 540
823 17 0 540
824 11 0 540
825 14 0 540
826 19 0 540
827 16 0 540
828 15 0 540
829 13 0 540
830 11 0 540
831 12 0 540
832 14 0 540
833 11 0 540
834 19 0 540
835 14 0 540
836 16 0 540
837 14 0 540
838 11 0 540
839 16 0 540
840 10 0 540
841 20 0 540
842 15 0 540
843 17 0 540
844 19 0 540
845 16 0 540
846 20 0 540
847 10 0 540
848 18 0 540
849 14 0 540
850 11 0 540
851 12 0 540
852 10 0 540
853 16 0 540
854 16 0 540
855 20 0 540
856 19 0 540
857 18 0 540
858 18 0 540
859 19 0 540
860 14 0 540
861 12 0 540
862 15 0 540
863 13 0 540
864 16 0 540
865 13 0 540
866 12 0 540
867 12 0 540
868 16 0 540
869 13 0 540
870 20 0 540
871 14 0 540
872 16 0 540
873 14 0 540
874 10 0 540
875 18 0 540
876 18 0 540
877 10 0 540
878 18 0 540
879 19 0 540
880 10 0 540
881 15 0 540
882 11 0 540
883 11 0 540
884 12 0 540
885 13 0 540
886 15 0 540
887 16 0 540
888 10 0 540
889 15 0 540
890 18 0 540
891 12 0 540
892 18 0 540
893 16 0 540
894 10 0 540
895 18 0 540
896 15 0 540
897 10 0 540
898 15 0 540
899 11 0 540
900 13 0 540
901 19 0 540
902 18 0 540
903 13 0 540
904 20 0 540
905 14 0 540
906 16 0 540
907 19 0 540
908 13 0 540
909 19 0 540
910 11 0 540
911 14 0 540
912 19 0 540
913 10 0 540
914 17 0 540
915 20 0 540
916 18 0 540
917 17 0 540
918 15 0 540
919 12 0 540
920 20 0 540
921 18 0 540
922 10 0 540
923 20 0 540
924 14 0 540
925 13 0 540
926 11 0 540
927 16 0 540
928 17 0 540
929 12 0 540
930 11 0 540
931 14 0 540
932 18 0 540
933 16 0 540
934 17 0 540
935 16 0 540
936 12 0 540
937 10 0 540
938 10 0 540
939 12 0 540
940 10 0 540
941 15 0 540
942 11 0 540
943 16 0 540
944 17 0 540
945 20 0 540
946 20 0 540
947 13 0 540
948 17 0 540
949 10 0 540
950 16 0 540
951 14 0 540
952 11 0 540
953 13 0 540
954 20 0 540
955 14 0 540
956 13 0 540
957 17 0 540
958 10 0 540
959 12 0 540
960 20 0 540
961 17 0 540
962 13 0 540
963 14 0 540
964 13 0 540
965 10 0 540
966 20 0 540
967 11 0 540
968 11 0 540
969 17 0 540
970 10 0 540
971 11 0 540
972 16 0 540
973 14 0 540
974 12 0 540
975 19 0 540
976 18 0 540
977 13 0 540
978 12 0 540
979 15 0 540
980 17 0 540
981 15 0 540
982 20 0 540
983 20 0 540
984 12 0 540
985 17 0 540
986 14 0 540
987 16 0 540
988 19 0 540
989 19 0 540
990 12 0 540
991 11 0 540
992 12 0 540
993 14 0 540
994 16 0 540
995 10 0 540
996 10 0 540
997 15 0 540
998 16 0 540
999 12 0 540
