480
0 0 0 0
1 60 240 300
2 19 193 211
3 20 374 391
4 14 3 43
5 20 329 375
6 17 126 148
7 12 45 62
8 13 169 196
9 17 281 327
10 20 400 447
11 18 289 327
12 18 379 409
13 11 329 362
14 14 227 263
15 13 92 114
16 17 54 68
17 16 210 236
18 17 133 174
19 16 250 287
20 11 165 177
21 19 145 183
22 12 339 388
23 15 243 256
24 17 231 267
25 20 24 62
26 13 334 382
27 13 422 437
28 15 50 97
29 18 273 290
30 10 456 505
31 11 7 30
32 14 440 481
33 15 366 400
34 17 119 153
35 12 212 248
36 11 193 220
37 17 207 245
38 15 86 113
39 12 81 102
40 16 442 475
41 20 208 246
42 17 99 122
43 17 351 376
44 15 331 364
45 13 107 117
46 11 130 168
47 20 161 171
48 15 51 99
49 20 76 105
50 16 49 84
51 16 333 346
52 18 344 381
53 18 214 240
54 20 56 77
55 19 176 206
56 20 253 286
57 17 375 411
58 13 90 101
59 11 327 352
60 18 131 168
61 20 135 155
62 17 357 394
63 10 82 109
64 18 85 99
65 12 347 390
66 17 388 432
67 18 433 443
68 14 415 463
69 15 337 361
70 13 358 394
71 18 268 311
72 15 220 254
73 19 306 320
74 14 414 430
75 13 296 306
76 11 75 95
77 10 57 79
78 14 299 314
79 16 77 97
80 12 457 475
81 11 29 44
82 20 57 99
83 11 395 411
84 17 71 118
85 16 2 13
86 19 108 155
87 14 332 362
88 10 238 263
89 17 266 288
90 18 57 94
91 18 277 325
92 18 145 174
93 16 21 52
94 18 218 229
95 11 147 196
96 13 229 256
97 10 370 414
98 18 231 251
99 12 41 87
100 11 48 79
101 16 97 126
102 13 321 333
103 17 79 95
104 10 184 207
105 19 326 363
106 18 83 132
107 12 313 345
108 18 45 71
109 20 80 113
110 17 116 165
111 10 412 434
112 16 390 412
113 10 337 363
114 12 253 273
115 15 164 201
116 11 326 361
117 17 400 425
118 14 239 261
119 16 456 480
120 20 310 334
121 20 31 64
122 12 163 182
123 15 223 261
124 13 219 259
125 15 453 475
126 11 85 112
127 16 447 488
128 10 88 131
129 11 14 62
130 20 140 158
131 11 351 388
132 20 249 266
133 20 89 117
134 20 248 272
135 17 223 257
136 17 176 222
137 13 113 125
138 17 43 77
139 11 36 81
140 16 91 119
141 12 303 318
142 12 245 260
143 14 37 55
144 15 239 289
145 19 256 271
146 14 418 442
147 17 389 435
148 18 377 405
149 14 458 480
150 10 287 329
151 12 385 414
152 17 274 308
153 15 180 207
154 17 354 364
155 19 78 89
156 19 311 326
157 19 168 214
158 15 341 386
159 15 246 275
160 15 353 365
161 11 328 355
162 17 354 381
163 14 363 411
164 13 351 368
165 12 404 420
166 16 260 306
167 12 432 475
168 14 351 384
169 10 148 187
170 16 208 219
171 15 275 316
172 19 440 456
173 14 91 119
174 18 189 233
175 14 315 331
176 17 102 114
177 11 232 252
178 18 367 402
179 11 361 405
180 12 306 344
181 13 352 368
182 11 301 326
183 16 351 371
184 15 356 367
185 13 274 313
186 20 185 198
187 15 5 36
188 17 44 82
189 12 275 319
190 10 1 44
191 10 117 133
192 19 441 488
193 15 429 461
194 17 20 37
195 12 408 441
196 13 179 221
197 13 409 424
198 16 333 363
199 12 13 50
200 15 183 215
201 18 192 222
202 13 108 145
203 14 316 357
204 10 71 103
205 12 436 455
206 17 204 249
207 11 102 144
208 12 170 206
209 17 428 444
210 18 235 246
211 15 81 94
212 14 27 45
213 15 198 241
214 18 181 206
215 13 142 189
216 19 302 319
217 20 227 245
218 20 463 492
219 12 276 316
220 19 204 220
221 15 258 277
222 14 365 376
223 17 83 106
224 18 89 134
225 17 120 136
226 13 459 492
227 19 247 293
228 18 258 291
229 18 103 139
230 10 147 191
231 15 66 107
232 10 21 57
233 13 30 66
234 16 125 175
235 13 38 63
236 20 359 377
237 18 75 110
238 12 79 103
239 13 451 477
240 19 381 413
241 10 163 184
242 13 27 52
243 19 151 196
244 13 253 291
245 11 61 73
246 14 319 356
247 12 216 241
248 19 427 470
249 18 86 118
250 19 226 275
251 19 280 302
252 18 209 258
253 11 156 167
254 12 376 426
255 17 132 180
256 10 289 300
257 17 261 275
258 13 245 286
259 11 313 359
260 13 334 347
261 15 463 485
262 20 426 440
263 13 417 441
264 11 383 416
265 20 118 134
266 19 357 406
267 20 84 98
268 13 282 331
269 11 147 181
270 16 349 378
271 14 25 56
272 12 387 430
273 17 110 132
274 19 157 169
275 19 68 104
276 19 209 237
277 14 330 349
278 12 430 459
279 15 213 235
280 18 28 60
281 10 285 320
282 15 247 281
283 12 39 54
284 19 418 464
285 14 24 71
286 12 204 221
287 19 398 423
288 15 98 143
289 11 282 322
290 14 33 74
291 18 411 452
292 15 159 207
293 17 176 203
294 13 159 171
295 15 455 492
296 13 167 202
297 19 168 201
298 15 309 338
299 12 88 132
300 19 419 439
301 17 80 104
302 12 359 394
303 10 168 218
304 17 47 78
305 13 161 195
306 17 171 198
307 17 417 462
308 17 296 320
309 20 184 228
310 10 311 349
311 11 190 217
312 11 30 62
313 16 23 45
314 18 310 336
315 11 44 77
316 16 376 426
317 11 401 444
318 10 176 198
319 15 136 150
320 17 173 219
321 17 171 194
322 17 26 49
323 17 339 375
324 14 322 335
325 13 297 333
326 18 383 405
327 20 168 207
328 11 44 85
329 14 51 62
330 10 291 337
331 10 42 69
332 13 321 350
333 14 28 49
334 15 396 422
335 19 160 206
336 20 62 72
337 17 254 265
338 19 380 402
339 12 320 346
340 10 304 316
341 10 370 411
342 19 200 241
343 14 276 317
344 15 248 279
345 17 405 419
346 10 367 391
347 19 170 185
348 17 156 183
349 20 141 170
350 13 2 22
351 12 166 210
352 12 105 154
353 16 410 456
354 15 66 88
355 15 177 206
356 12 247 274
357 12 195 208
358 20 117 165
359 13 235 267
360 19 385 422
361 15 350 386
362 11 419 448
363 17 431 467
364 14 107 144
365 20 276 305
366 16 60 87
367 15 441 452
368 13 443 492
369 12 426 459
370 15 77 101
371 20 442 489
372 11 53 86
373 18 97 138
374 16 399 435
375 12 116 149
376 11 403 431
377 20 158 200
378 19 63 88
379 15 27 57
380 19 338 386
381 19 5 20
382 17 271 287
383 10 134 179
384 16 4 50
385 12 199 215
386 17 69 97
387 13 369 403
388 15 35 85
389 18 229 271
390 11 59 94
391 13 325 367
392 15 124 154
393 14 88 113
394 13 95 131
395 19 97 136
396 13 173 192
397 13 117 162
398 11 186 203
399 12 320 367
400 10 340 361
401 20 270 300
402 17 33 71
403 10 356 388
404 10 326 337
405 14 438 474
406 10 338 377
407 17 317 366
408 18 308 341
409 10 290 336
410 14 332 371
411 12 133 146
412 17 188 233
413 17 135 166
414 14 67 112
415 12 63 111
416 14 219 236
417 13 26 63
418 18 258 298
419 14 34 82
420 12 36 85
421 18 4 45
422 14 455 504
423 15 403 414
424 12 153 173
425 17 420 466
426 16 204 248
427 18 201 225
428 11 410 456
429 20 76 91
430 10 179 193
431 14 427 476
432 13 146 188
433 16 97 137
434 12 335 357
435 12 451 498
436 18 268 314
437 13 399 420
438 15 420 443
439 18 268 283
440 10 19 63
441 13 130 156
442 10 51 96
443 10 279 310
444 19 315 327
445 17 216 240
446 11 347 370
447 16 193 227
448 13 403 423
449 17 95 129
450 14 309 340
451 20 386 415
452 14 336 375
453 12 67 100
454 12 72 82
455 13 164 192
456 12 270 314
457 10 445 473
458 12 182 198
459 13 138 182
460 13 10 50
461 15 439 461
462 17 167 185
463 17 281 309
464 20 88 111
465 16 214 231
466 10 316 333
467 10 173 201
468 10 380 401
469 11 287 314
470 12 3 43
471 17 244 260
472 16 461 488
473 19 317 365
474 20 450 468
475 10 457 482
476 12 362 401
477 19 99 133
478 12 179 215
479 10 203 247
480 20 365 392
481 20 3 27
482 20 389 439
483 12 17 59
484 10 168 210
485 11 322 351
486 14 356 397
487 20 160 196
488 12 365 407
489 18 8 56
490 15 55 85
491 15 300 324
492 14 29 65
493 14 198 242
494 12 272 301
495 19 126 151
496 16 256 267
497 10 81 103
498 12 444 477
499 20 383 394
