540
0 0 0 0
1 60 300 360
2 19 219 237
3 20 422 439
4 14 4 44
5 20 371 417
6 17 142 164
7 12 50 67
8 13 191 218
9 17 317 363
10 20 452 499
11 18 326 364
12 18 428 458
13 11 372 405
14 14 257 293
15 13 104 126
16 17 61 75
17 16 238 264
18 17 151 192
19 16 282 319
20 11 187 199
21 19 164 202
22 12 383 432
23 15 275 288
24 17 261 297
25 20 27 65
26 13 377 425
27 13 477 492
28 15 57 104
29 18 309 326
30 10 515 564
31 11 8 31
32 14 497 538
33 15 413 447
34 17 134 168
35 12 239 275
36 11 218 245
37 17 234 272
38 15 98 125
39 12 92 113
40 16 499 532
41 20 235 273
42 17 112 135
43 17 396 421
44 15 374 407
45 13 121 131
46 11 146 184
47 20 182 192
48 15 57 105
49 20 86 115
50 16 55 90
51 16 376 389
52 18 388 425
53 18 242 268
54 20 63 84
55 19 198 228
56 20 286 319
57 17 423 459
58 13 101 112
59 11 370 395
60 18 147 184
61 20 152 172
62 17 403 440
63 10 93 120
64 18 96 110
65 12 392 435
66 17 438 482
67 18 489 499
68 14 468 516
69 15 381 405
70 13 405 441
71 18 303 346
72 15 249 283
73 19 346 360
74 14 467 483
75 13 335 345
76 11 85 105
77 10 64 86
78 14 337 352
79 16 87 107
80 12 517 535
81 11 32 47
82 20 64 106
83 11 446 462
84 17 80 127
85 16 3 14
86 19 122 169
87 14 375 405
88 10 269 294
89 17 301 323
90 18 64 101
91 18 313 361
92 18 164 193
93 16 24 55
94 18 246 257
95 11 166 215
96 13 258 285
97 10 418 462
98 18 261 281
99 12 46 92
100 11 54 85
101 16 110 139
102 13 363 375
103 17 89 105
104 10 208 231
105 19 368 405
106 18 94 143
107 12 354 386
108 18 51 77
109 20 91 124
110 17 131 180
111 10 465 487
112 16 440 462
113 10 381 407
114 12 286 306
115 15 185 222
116 11 369 404
117 17 452 477
118 14 270 292
119 16 515 539
120 20 350 374
121 20 35 68
122 12 184 203
123 15 252 290
124 13 248 288
125 15 512 534
126 11 96 123
127 16 505 546
128 10 100 143
129 11 15 63
130 20 158 176
131 11 397 434
132 20 281 298
133 20 101 129
134 20 280 304
135 17 251 285
136 17 199 245
137 13 127 139
138 17 48 82
139 11 40 85
140 16 103 131
141 12 342 357
142 12 277 292
143 14 41 59
144 15 270 320
145 19 289 304
146 14 473 497
147 17 439 485
148 18 426 454
149 14 518 540
150 10 325 367
151 12 434 463
152 17 309 343
153 15 204 231
154 17 400 410
155 19 88 99
156 19 351 366
157 19 190 236
158 15 386 431
159 15 277 306
160 15 399 411
161 11 371 398
162 17 400 427
163 14 410 458
164 13 396 413
165 12 456 472
166 16 293 339
167 12 488 531
168 14 397 430
169 10 167 206
170 16 235 246
171 15 310 351
172 19 498 514
173 14 103 131
174 18 214 258
175 14 356 372
176 17 116 128
177 11 262 282
178 18 414 449
179 11 407 451
180 12 346 384
181 13 398 414
182 11 340 365
183 16 397 417
184 15 403 414
185 13 310 349
186 20 209 222
187 15 5 36
188 17 50 88
189 12 310 354
190 10 1 44
191 10 133 149
192 19 498 545
193 15 485 517
194 17 23 40
195 12 461 494
196 13 202 244
197 13 462 477
198 16 376 406
199 12 15 52
200 15 207 239
201 18 216 246
202 13 122 159
203 14 357 398
204 10 81 113
205 12 492 511
206 17 231 276
207 11 115 157
208 12 192 228
209 17 483 499
210 18 265 276
211 15 91 104
212 14 30 48
213 15 224 267
214 18 205 230
215 13 160 207
216 19 342 359
217 20 257 275
218 20 523 552
219 12 311 351
220 19 231 247
221 15 291 310
222 14 413 424
223 17 93 116
224 18 101 146
225 17 135 151
226 13 518 551
227 19 279 325
228 18 292 325
229 18 117 153
230 10 166 210
231 15 75 116
232 10 24 60
233 13 34 70
234 16 142 192
235 13 43 68
236 20 405 423
237 18 85 120
238 12 89 113
239 13 510 536
240 19 430 462
241 10 184 205
242 13 31 56
243 19 171 216
244 13 286 324
245 11 68 80
246 14 360 397
247 12 244 269
248 19 483 526
249 18 97 129
250 19 255 304
251 19 316 338
252 18 237 286
253 11 176 187
254 12 424 474
255 17 149 197
256 10 326 337
257 17 295 309
258 13 277 318
259 11 353 399
260 13 377 390
261 15 523 545
262 20 481 495
263 13 470 494
264 11 432 465
265 20 133 149
266 19 403 452
267 20 95 109
268 13 319 368
269 11 166 200
270 16 394 423
271 14 29 60
272 12 437 480
273 17 125 147
274 19 177 189
275 19 77 113
276 19 236 264
277 14 372 391
278 12 486 515
279 15 240 262
280 18 31 63
281 10 322 357
282 15 279 313
283 12 44 59
284 19 473 519
285 14 27 74
286 12 230 247
287 19 449 474
288 15 111 156
289 11 319 359
290 14 37 78
291 18 464 505
292 15 180 228
293 17 199 226
294 13 180 192
295 15 514 551
296 13 188 223
297 19 189 222
298 15 349 378
299 12 99 143
300 19 474 494
301 17 90 114
302 12 405 440
303 10 190 240
304 17 53 84
305 13 182 216
306 17 194 221
307 17 471 516
308 17 334 358
309 20 208 252
310 10 352 390
311 11 214 241
312 11 33 65
313 16 26 48
314 18 350 376
315 11 50 83
316 16 425 475
317 11 453 496
318 10 199 221
319 15 154 168
320 17 196 242
321 17 193 216
322 17 29 52
323 17 383 419
324 14 363 376
325 13 335 371
326 18 432 454
327 20 190 229
328 11 50 91
329 14 57 68
330 10 329 375
331 10 47 74
332 13 363 392
333 14 32 53
334 15 448 474
335 19 180 226
336 20 70 80
337 17 287 298
338 19 430 452
339 12 361 387
340 10 343 355
341 10 418 459
342 19 225 266
343 14 312 353
344 15 280 311
345 17 457 471
346 10 415 439
347 19 192 207
348 17 176 203
349 20 159 188
350 13 3 23
351 12 187 231
352 12 119 168
353 16 463 509
354 15 75 97
355 15 200 229
356 12 279 306
357 12 220 233
358 20 132 180
359 13 265 297
360 19 435 472
361 15 395 431
362 11 473 502
363 17 487 523
364 14 121 158
365 20 312 341
366 16 68 95
367 15 498 509
368 13 501 550
369 12 481 514
370 15 87 111
371 20 499 546
372 11 60 93
373 18 109 150
374 16 451 487
375 12 131 164
376 11 455 483
377 20 179 221
378 19 71 96
379 15 31 61
380 19 382 430
381 19 6 21
382 17 306 322
383 10 151 196
384 16 5 51
385 12 225 241
386 17 77 105
387 13 417 451
388 15 39 89
389 18 259 301
390 11 67 102
391 13 367 409
392 15 140 170
393 14 100 125
394 13 107 143
395 19 110 149
396 13 195 214
397 13 133 178
398 11 210 227
399 12 361 408
400 10 385 406
401 20 305 335
402 17 37 75
403 10 402 434
404 10 368 379
405 14 495 531
406 10 381 420
407 17 358 407
408 18 348 381
409 10 327 373
410 14 375 414
411 12 151 164
412 17 213 258
413 17 152 183
414 14 76 121
415 12 71 119
416 14 247 264
417 13 29 66
418 18 292 332
419 14 38 86
420 12 40 89
421 18 5 46
422 14 513 562
423 15 456 467
424 12 173 193
425 17 475 521
426 16 230 274
427 18 228 252
428 11 464 510
429 20 86 101
430 10 202 216
431 14 482 531
432 13 165 207
433 16 109 149
434 12 379 401
435 12 510 557
436 18 303 349
437 13 451 472
438 15 475 498
439 18 302 317
440 10 22 66
441 13 147 173
442 10 58 103
443 10 315 346
444 19 355 367
445 17 244 268
446 11 392 415
447 16 219 253
448 13 455 475
449 17 107 141
450 14 349 380
451 20 436 465
452 14 379 418
453 12 76 109
454 12 81 91
455 13 185 213
456 12 305 349
457 10 503 531
458 12 206 222
459 13 156 200
460 13 12 52
461 15 496 518
462 17 189 207
463 17 317 345
464 20 100 123
465 16 241 258
466 10 357 374
467 10 195 223
468 10 429 450
469 11 324 351
470 12 3 43
471 17 276 292
472 16 521 548
473 19 358 406
474 20 508 526
475 10 517 542
476 12 409 448
477 19 112 146
478 12 202 238
479 10 229 273
480 20 412 439
481 20 3 27
482 20 439 489
483 12 20 62
484 10 189 231
485 11 363 392
486 14 402 443
487 20 181 217
488 12 412 454
489 18 9 57
490 15 63 93
491 15 339 363
492 14 32 68
493 14 223 267
494 12 307 336
495 19 143 168
496 16 289 300
497 10 92 114
498 12 501 534
499 20 432 443
