540
0 0 0 0
1 60 300 360
2 11 193 232
3 18 105 135
4 11 501 527
5 11 398 438
6 20 427 461
7 16 392 441
8 16 236 254
9 15 198 231
10 15 314 338
11 10 340 358
12 10 114 155
13 15 334 377
14 15 276 316
15 19 90 116
16 20 393 433
17 19 97 111
18 15 162 182
19 12 346 356
20 14 347 373
21 15 427 463
22 10 444 477
23 17 498 548
24 20 499 524
25 12 502 543
26 19 491 538
27 14 350 374
28 16 469 481
29 18 443 453
30 16 211 228
31 15 339 387
32 11 115 152
33 19 306 326
34 18 84 115
35 15 271 321
36 14 286 308
37 11 148 159
38 16 33 45
39 18 379 427
40 19 472 504
41 15 22 71
42 13 518 548
43 11 318 349
44 11 66 86
45 12 174 201
46 16 325 357
47 17 465 483
48 19 301 351
49 19 128 144
