480
0 0 0 0
1 60 240 300
2 14 80 101
3 18 10 31
4 17 329 340
5 17 241 256
6 18 19 37
7 12 180 217
8 16 18 66
9 17 180 215
10 20 301 326
11 13 94 104
12 12 305 316
13 12 198 213
14 15 98 132
15 14 347 391
16 14 59 102
17 10 187 203
18 16 97 141
19 11 405 433
20 13 448 473
21 16 371 388
22 18 413 426
23 19 427 472
24 19 190 216
25 14 437 465
26 17 3 52
27 18 310 356
28 18 303 326
29 18 24 72
30 16 307 332
31 16 285 330
32 18 450 461
33 10 346 365
34 15 156 198
35 16 143 185
36 15 45 78
37 11 182 226
38 11 383 431
39 14 394 428
40 13 437 465
41 18 335 364
42 12 386 429
43 14 85 107
44 18 177 226
45 11 311 325
46 10 360 388
47 11 460 479
48 20 280 305
49 19 391 437
50 10 198 218
51 20 356 400
52 18 360 401
53 17 412 462
54 19 25 58
55 20 132 166
56 16 241 267
57 20 379 404
58 10 202 223
59 15 199 247
60 11 300 313
61 13 153 196
62 10 221 264
63 12 105 123
64 20 77 115
65 17 267 277
66 15 437 485
67 15 186 223
68 10 343 385
69 20 322 340
70 18 299 326
71 19 406 438
72 18 140 180
73 10 80 116
74 11 374 408
75 12 74 124
76 13 322 342
77 12 381 425
78 17 309 347
79 20 48 69
80 20 337 357
81 14 136 151
82 11 169 181
83 20 269 289
84 11 53 93
85 19 281 296
86 10 325 363
87 18 326 367
88 11 1 24
89 10 403 424
90 13 155 201
91 11 18 41
92 14 431 468
93 10 156 176
94 17 77 87
95 19 405 437
96 19 200 220
97 11 162 185
98 11 223 271
99 16 434 476
100 18 32 47
101 14 142 188
102 16 427 464
103 17 455 466
104 13 85 121
105 10 289 334
106 10 245 280
107 13 372 412
108 14 62 74
109 18 326 367
110 10 388 431
111 17 257 299
112 19 424 440
113 18 60 74
114 17 25 62
115 13 284 295
116 20 287 302
117 11 284 299
118 16 54 86
119 17 444 483
120 20 28 38
121 12 443 479
122 13 121 162
123 17 260 302
124 15 461 500
125 11 16 40
126 15 234 261
127 20 462 487
128 15 205 220
129 12 62 95
130 13 97 129
131 16 180 202
132 19 17 58
133 13 94 120
134 18 268 281
135 16 77 102
136 14 390 412
137 18 128 177
138 19 310 352
139 19 361 404
140 17 202 212
141 20 184 194
142 13 413 446
143 17 26 43
144 17 78 98
145 11 21 50
146 17 185 200
147 19 356 382
148 15 12 59
149 16 401 433
150 16 257 282
151 13 53 69
152 14 352 401
153 13 187 214
154 10 430 472
155 16 427 471
156 18 110 146
157 20 57 68
158 16 181 212
159 17 444 488
160 13 353 390
161 15 224 256
162 12 457 491
163 11 191 231
164 16 86 135
165 20 226 242
166 15 165 212
167 19 386 426
168 19 279 322
169 13 91 127
170 14 148 188
171 14 321 355
172 14 199 233
173 10 264 275
174 18 417 454
175 13 282 317
176 19 348 372
177 11 309 348
178 15 293 334
179 15 144 186
180 18 94 113
181 11 106 154
182 19 123 161
183 11 70 116
184 10 238 273
185 13 256 305
186 18 440 490
187 12 436 474
188 19 243 262
189 13 68 115
190 12 237 267
191 18 250 264
192 15 93 123
193 12 190 222
194 15 460 490
195 13 134 144
196 12 87 99
197 16 7 45
198 11 43 85
199 13 96 111
