480
0 0 0 0
1 60 240 300
2 10 0 480
3 14 0 480
4 13 0 480
5 20 0 480
6 15 0 480
7 19 0 480
8 11 0 480
9 18 0 480
10 11 0 480
11 17 0 480
12 20 0 480
13 17 0 480
14 17 0 480
15 20 0 480
16 14 0 480
17 16 0 480
18 15 0 480
19 20 0 480
20 12 0 480
21 14 0 480
22 10 0 480
23 12 0 480
24 10 0 480
25 10 0 480
26 10 0 480
27 11 0 480
28 16 0 480
29 11 0 480
30 20 0 480
31 18 0 480
32 12 0 480
33 19 0 480
34 20 0 480
35 18 0 480
36 10 0 480
37 13 0 480
38 16 0 480
39 18 0 480
40 11 0 480
41 20 0 480
42 11 0 480
43 11 0 480
44 10 0 480
45 14 0 480
46 17 0 480
47 18 0 480
48 17 0 480
49 11 0 480
50 13 0 480
51 19 0 480
52 18 0 480
53 13 0 480
54 18 0 480
55 16 0 480
56 17 0 480
57 14 0 480
58 14 0 480
59 14 0 480
60 17 0 480
61 16 0 480
62 17 0 480
63 17 0 480
64 20 0 480
65 14 0 480
66 18 0 480
67 18 0 480
68 18 0 480
69 12 0 480
70 15 0 480
71 12 0 480
72 19 0 480
73 19 0 480
74 12 0 480
75 11 0 480
76 18 0 480
77 10 0 480
78 13 0 480
79 17 0 480
80 15 0 480
81 12 0 480
82 13 0 480
83 15 0 480
84 16 0 480
85 15 0 480
86 12 0 480
87 16 0 480
88 10 0 480
89 10 0 480
90 13 0 480
91 19 0 480
92 20 0 480
93 15 0 480
94 19 0 480
95 18 0 480
96 12 0 480
97 17 0 480
98 14 0 480
99 19 0 480
100 11 0 480
101 12 0 480
102 16 0 480
103 18 0 480
104 10 0 480
105 10 0 480
106 18 0 480
107 15 0 480
108 13 0 480
109 11 0 480
110 19 0 480
111 14 0 480
112 19 0 480
113 12 0 480
114 14 0 480
115 12 0 480
116 11 0 480
117 16 0 480
118 16 0 480
119 18 0 480
120 13 0 480
121 14 0 480
122 19 0 480
123 13 0 480
124 20 0 480
125 18 0 480
126 15 0 480
127 10 0 480
128 15 0 480
129 12 0 480
130 20 0 480
131 17 0 480
132 18 0 480
133 13 0 480
134 18 0 480
135 12 0 480
136 15 0 480
137 12 0 480
138 16 0 480
139 14 0 480
140 12 0 480
141 12 0 480
142 13 0 480
143 13 0 480
144 20 0 480
145 12 0 480
146 16 0 480
147 16 0 480
148 10 0 480
149 15 0 480
150 17 0 480
151 13 0 480
152 14 0 480
153 10 0 480
154 17 0 480
155 12 0 480
156 13 0 480
157 17 0 480
158 10 0 480
159 20 0 480
160 15 0 480
161 12 0 480
162 14 0 480
163 17 0 480
164 20 0 480
165 18 0 480
166 17 0 480
167 12 0 480
168 19 0 480
169 20 0 480
170 11 0 480
171 14 0 480
172 11 0 480
173 19 0 480
174 20 0 480
175 13 0 480
176 12 0 480
177 14 0 480
178 10 0 480
179 14 0 480
180 18 0 480
181 19 0 480
182 14 0 480
183 11 0 480
184 17 0 480
185 19 0 480
186 12 0 480
187 11 0 480
188 19 0 480
189 14 0 480
190 13 0 480
191 11 0 480
192 12 0 480
193 10 0 480
194 18 0 480
195 10 0 480
196 14 0 480
197 19 0 480
198 15 0 480
199 10 0 480
200 10 0 480
201 11 0 480
202 16 0 480
203 20 0 480
204 11 0 480
205 15 0 480
206 20 0 480
207 14 0 480
208 18 0 480
209 17 0 480
210 16 0 480
211 11 0 480
212 10 0 480
213 15 0 480
214 19 0 480
215 20 0 480
216 11 0 480
217 12 0 480
218 11 0 480
219 19 0 480
220 14 0 480
221 16 0 480
222 16 0 480
223 19 0 480
224 12 0 480
225 13 0 480
226 20 0 480
227 14 0 480
228 12 0 480
229 14 0 480
230 13 0 480
231 19 0 480
232 12 0 480
233 20 0 480
234 18 0 480
235 12 0 480
236 13 0 480
237 14 0 480
238 15 0 480
239 18 0 480
240 10 0 480
241 13 0 480
242 11 0 480
243 15 0 480
244 13 0 480
245 15 0 480
246 12 0 480
247 19 0 480
248 17 0 480
249 10 0 480
250 14 0 480
251 10 0 480
252 14 0 480
253 12 0 480
254 11 0 480
255 13 0 480
256 11 0 480
257 19 0 480
258 11 0 480
259 16 0 480
260 12 0 480
261 10 0 480
262 16 0 480
263 14 0 480
264 10 0 480
265 18 0 480
266 10 0 480
267 15 0 480
268 19 0 480
269 10 0 480
270 12 0 480
271 15 0 480
272 12 0 480
273 18 0 480
274 19 0 480
275 17 0 480
276 15 0 480
277 20 0 480
278 14 0 480
279 17 0 480
280 10 0 480
281 14 0 480
282 16 0 480
283 12 0 480
284 17 0 480
285 20 0 480
286 18 0 480
287 14 0 480
288 18 0 480
289 17 0 480
290 19 0 480
291 12 0 480
292 11 0 480
293 20 0 480
294 13 0 480
295 17 0 480
296 16 0 480
297 16 0 480
298 14 0 480
299 15 0 480
