540
0 0 0 0
1 60 300 360
2 14 0 300
3 18 0 300
4 17 0 300
5 17 0 300
6 18 360 540
7 12 0 300
8 16 360 540
9 17 0 300
10 20 0 300
11 13 0 300
12 12 0 300
13 12 360 540
14 15 0 300
15 14 360 540
16 14 0 300
17 10 360 540
18 16 360 540
19 11 0 300
20 13 0 300
21 16 0 300
22 18 360 540
23 19 0 300
24 19 0 300
25 14 0 300
26 17 0 300
27 18 360 540
28 18 360 540
29 18 360 540
30 16 0 300
31 16 360 540
32 18 0 300
33 10 0 300
34 15 0 300
35 16 360 540
36 15 360 540
37 11 0 300
38 11 360 540
39 14 0 300
40 13 360 540
41 18 0 300
42 12 360 540
43 14 0 300
44 18 360 540
45 11 360 540
46 10 0 300
47 11 0 300
48 20 360 540
49 19 0 300
50 10 0 300
51 20 360 540
52 18 360 540
53 17 360 540
54 19 360 540
55 20 0 300
56 16 0 300
57 20 360 540
58 10 360 540
59 15 0 300
60 11 360 540
61 13 360 540
62 10 360 540
63 12 0 300
64 20 360 540
65 17 0 300
66 15 0 300
67 15 360 540
68 10 0 300
69 20 360 540
70 18 0 300
71 19 360 540
72 18 0 300
73 10 360 540
74 11 360 540
75 12 360 540
76 13 360 540
77 12 360 540
78 17 360 540
79 20 0 300
80 20 360 540
81 14 0 300
82 11 360 540
83 20 360 540
84 11 0 300
85 19 0 300
86 10 0 300
87 18 360 540
88 11 360 540
89 10 0 300
90 13 360 540
91 11 0 300
92 14 360 540
93 10 0 300
94 17 360 540
95 19 0 300
96 19 360 540
97 11 360 540
98 11 0 300
99 16 0 300
100 18 360 540
101 14 360 540
102 16 360 540
103 17 360 540
104 13 360 540
105 10 360 540
106 10 0 300
107 13 360 540
108 14 0 300
109 18 360 540
110 10 360 540
111 17 0 300
112 19 360 540
113 18 0 300
114 17 0 300
115 13 0 300
116 20 0 300
117 11 360 540
118 16 360 540
119 17 0 300
120 20 0 300
121 12 360 540
122 13 0 300
123 17 360 540
124 15 0 300
125 11 0 300
126 15 0 300
127 20 360 540
128 15 360 540
129 12 0 300
130 13 360 540
131 16 360 540
132 19 0 300
133 13 360 540
134 18 360 540
135 16 360 540
136 14 360 540
137 18 0 300
138 19 360 540
139 19 0 300
140 17 360 540
141 20 360 540
142 13 0 300
143 17 360 540
144 17 0 300
145 11 360 540
146 17 360 540
147 19 360 540
148 15 0 300
149 16 360 540
150 16 360 540
151 13 0 300
152 14 360 540
153 13 360 540
154 10 360 540
155 16 360 540
156 18 0 300
157 20 0 300
158 16 360 540
159 17 0 300
160 13 0 300
161 15 0 300
162 12 0 300
163 11 0 300
164 16 360 540
165 20 0 300
166 15 0 300
167 19 360 540
168 19 360 540
169 13 0 300
170 14 360 540
171 14 360 540
172 14 360 540
173 10 360 540
174 18 0 300
175 13 0 300
176 19 360 540
177 11 0 300
178 15 0 300
179 15 360 540
180 18 0 300
181 11 0 300
182 19 360 540
183 11 360 540
184 10 0 300
185 13 0 300
186 18 0 300
187 12 0 300
188 19 360 540
189 13 360 540
190 12 0 300
191 18 0 300
192 15 0 300
193 12 0 300
194 15 0 300
195 13 360 540
196 12 360 540
197 16 360 540
198 11 0 300
199 13 0 300
