540
0 0 0 0
1 60 300 360
2 10 0 540
3 14 0 540
4 13 0 540
5 20 0 540
6 15 0 540
7 19 0 540
8 11 0 540
9 18 0 540
10 11 0 540
11 17 0 540
12 20 0 540
13 17 0 540
14 17 0 540
15 20 0 540
16 14 0 540
17 16 0 540
18 15 0 540
19 20 0 540
20 12 0 540
21 14 0 540
22 10 0 540
23 12 0 540
24 10 0 540
25 10 0 540
26 10 0 540
27 11 0 540
28 16 0 540
29 11 0 540
30 20 0 540
31 18 0 540
32 12 0 540
33 19 0 540
34 20 0 540
35 18 0 540
36 10 0 540
37 13 0 540
38 16 0 540
39 18 0 540
40 11 0 540
41 20 0 540
42 11 0 540
43 11 0 540
44 10 0 540
45 14 0 540
46 17 0 540
47 18 0 540
48 17 0 540
49 11 0 540
50 13 0 540
51 19 0 540
52 18 0 540
53 13 0 540
54 18 0 540
55 16 0 540
56 17 0 540
57 14 0 540
58 14 0 540
59 14 0 540
60 17 0 540
61 16 0 540
62 17 0 540
63 17 0 540
64 20 0 540
65 14 0 540
66 18 0 540
67 18 0 540
68 18 0 540
69 12 0 540
70 15 0 540
71 12 0 540
72 19 0 540
73 19 0 540
74 12 0 540
75 11 0 540
76 18 0 540
77 10 0 540
78 13 0 540
79 17 0 540
80 15 0 540
81 12 0 540
82 13 0 540
83 15 0 540
84 16 0 540
85 15 0 540
86 12 0 540
87 16 0 540
88 10 0 540
89 10 0 540
90 13 0 540
91 19 0 540
92 20 0 540
93 15 0 540
94 19 0 540
95 18 0 540
96 12 0 540
97 17 0 540
98 14 0 540
99 19 0 540
100 11 0 540
101 12 0 540
102 16 0 540
103 18 0 540
104 10 0 540
105 10 0 540
106 18 0 540
107 15 0 540
108 13 0 540
109 11 0 540
110 19 0 540
111 14 0 540
112 19 0 540
113 12 0 540
114 14 0 540
115 12 0 540
116 11 0 540
117 16 0 540
118 16 0 540
119 18 0 540
120 13 0 540
121 14 0 540
122 19 0 540
123 13 0 540
124 20 0 540
125 18 0 540
126 15 0 540
127 10 0 540
128 15 0 540
129 12 0 540
130 20 0 540
131 17 0 540
132 18 0 540
133 13 0 540
134 18 0 540
135 12 0 540
136 15 0 540
137 12 0 540
138 16 0 540
139 14 0 540
140 12 0 540
141 12 0 540
142 13 0 540
143 13 0 540
144 20 0 540
145 12 0 540
146 16 0 540
147 16 0 540
148 10 0 540
149 15 0 540
150 17 0 540
151 13 0 540
152 14 0 540
153 10 0 540
154 17 0 540
155 12 0 540
156 13 0 540
157 17 0 540
158 10 0 540
159 20 0 540
160 15 0 540
161 12 0 540
162 14 0 540
163 17 0 540
164 20 0 540
165 18 0 540
166 17 0 540
167 12 0 540
168 19 0 540
169 20 0 540
170 11 0 540
171 14 0 540
172 11 0 540
173 19 0 540
174 20 0 540
175 13 0 540
176 12 0 540
177 14 0 540
178 10 0 540
179 14 0 540
180 18 0 540
181 19 0 540
182 14 0 540
183 11 0 540
184 17 0 540
185 19 0 540
186 12 0 540
187 11 0 540
188 19 0 540
189 14 0 540
190 13 0 540
191 11 0 540
192 12 0 540
193 10 0 540
194 18 0 540
195 10 0 540
196 14 0 540
197 19 0 540
198 15 0 540
199 10 0 540
200 10 0 540
201 11 0 540
202 16 0 540
203 20 0 540
204 11 0 540
205 15 0 540
206 20 0 540
207 14 0 540
208 18 0 540
209 17 0 540
210 16 0 540
211 11 0 540
212 10 0 540
213 15 0 540
214 19 0 540
215 20 0 540
216 11 0 540
217 12 0 540
218 11 0 540
219 19 0 540
220 14 0 540
221 16 0 540
222 16 0 540
223 19 0 540
224 12 0 540
225 13 0 540
226 20 0 540
227 14 0 540
228 12 0 540
229 14 0 540
230 13 0 540
231 19 0 540
232 12 0 540
233 20 0 540
234 18 0 540
235 12 0 540
236 13 0 540
237 14 0 540
238 15 0 540
239 18 0 540
240 10 0 540
241 13 0 540
242 11 0 540
243 15 0 540
244 13 0 540
245 15 0 540
246 12 0 540
247 19 0 540
248 17 0 540
249 10 0 540
250 14 0 540
251 10 0 540
252 14 0 540
253 12 0 540
254 11 0 540
255 13 0 540
256 11 0 540
257 19 0 540
258 11 0 540
259 16 0 540
260 12 0 540
261 10 0 540
262 16 0 540
263 14 0 540
264 10 0 540
265 18 0 540
266 10 0 540
267 15 0 540
268 19 0 540
269 10 0 540
270 12 0 540
271 15 0 540
272 12 0 540
273 18 0 540
274 19 0 540
275 17 0 540
276 15 0 540
277 20 0 540
278 14 0 540
279 17 0 540
280 10 0 540
281 14 0 540
282 16 0 540
283 12 0 540
284 17 0 540
285 20 0 540
286 18 0 540
287 14 0 540
288 18 0 540
289 17 0 540
290 19 0 540
291 12 0 540
292 11 0 540
293 20 0 540
294 13 0 540
295 17 0 540
296 16 0 540
297 16 0 540
298 14 0 540
299 15 0 540
