480
0 0 0 0
1 60 240 300
2 11 0 480
3 18 0 480
4 11 0 480
5 11 0 480
6 20 0 480
7 16 0 480
8 16 0 480
9 15 0 480
10 15 0 480
11 10 0 480
12 10 0 480
13 15 0 480
14 15 0 480
15 19 0 480
16 20 0 480
17 19 0 480
18 15 0 480
19 12 0 480
20 14 0 480
21 15 0 480
22 10 0 480
23 17 0 480
24 20 0 480
25 12 0 480
26 19 0 480
27 14 0 480
28 16 0 480
29 18 0 480
30 16 0 480
31 15 0 480
32 11 0 480
33 19 0 480
34 18 0 480
35 15 0 480
36 14 0 480
37 11 0 480
38 16 0 480
39 18 0 480
40 19 0 480
41 15 0 480
42 13 0 480
43 11 0 480
44 11 0 480
45 12 0 480
46 16 0 480
47 17 0 480
48 19 0 480
49 19 0 480
