480
0 0 0 0
1 60 240 300
2 16 376 411
3 20 53 82
4 19 296 313
5 20 252 290
6 19 248 261
7 16 434 449
8 11 459 483
9 13 222 235
10 14 422 460
11 17 272 290
12 11 381 422
13 16 34 49
14 13 383 393
15 15 1 11
16 10 195 240
17 16 347 380
18 20 182 215
19 19 53 65
20 14 185 233
21 11 152 165
22 12 312 356
23 12 154 173
24 13 420 449
25 18 288 325
26 10 171 188
27 13 415 462
28 10 303 340
29 17 14 27
30 18 394 432
31 13 252 266
32 20 203 228
33 18 357 391
34 10 397 417
35 13 236 273
36 14 221 262
37 10 257 271
38 19 248 267
39 13 51 72
40 17 177 210
41 17 255 272
42 17 299 330
43 19 38 77
44 11 218 262
45 10 110 158
46 20 408 420
47 15 353 393
48 14 143 193
49 20 51 62
50 16 155 188
51 16 312 354
52 15 373 407
53 18 186 226
54 18 84 119
55 10 179 200
56 18 450 483
57 11 30 75
58 11 372 413
59 13 370 409
60 19 290 314
61 17 248 270
62 12 247 296
63 17 375 411
64 14 294 322
65 19 425 442
66 17 304 314
67 16 313 353
68 17 296 337
69 20 299 345
70 11 317 330
71 17 184 217
72 19 379 428
73 20 368 396
74 12 117 155
75 10 453 463
76 17 34 59
77 13 382 392
78 15 446 459
79 14 245 267
80 14 427 470
81 12 344 392
82 18 173 202
83 11 215 241
84 13 230 277
85 20 27 42
86 11 35 71
87 13 270 285
88 13 343 378
89 19 268 303
90 15 40 60
91 16 427 438
92 15 146 191
93 10 337 382
94 14 117 164
95 19 80 129
96 17 337 371
97 19 325 351
98 17 84 117
99 11 187 216
