480
0 0 0 0
1 60 240 300
2 19 192 210
3 20 371 388
4 14 3 43
5 20 327 373
6 17 125 147
7 12 44 61
8 13 168 195
9 17 279 325
10 20 397 444
11 18 287 325
12 18 377 407
13 11 327 360
14 14 226 262
15 13 92 114
16 17 53 67
17 16 209 235
18 17 132 173
19 16 248 285
20 11 164 176
21 19 144 182
22 12 337 386
23 15 242 255
24 17 230 266
25 20 24 62
26 13 332 380
27 13 419 434
28 15 50 97
29 18 272 289
30 10 453 502
31 11 7 30
32 14 438 479
33 15 363 397
34 17 118 152
35 12 211 247
36 11 192 219
37 17 206 244
38 15 86 113
39 12 81 102
40 16 439 472
41 20 207 245
42 17 98 121
43 17 348 373
44 15 329 362
45 13 106 116
46 11 129 167
47 20 160 170
48 15 50 98
49 20 76 105
50 16 49 84
51 16 331 344
52 18 342 379
53 18 213 239
54 20 56 77
55 19 174 204
56 20 251 284
57 17 372 408
58 13 89 100
59 11 325 350
60 18 130 167
61 20 134 154
62 17 355 392
63 10 82 109
64 18 85 99
65 12 345 388
66 17 385 429
67 18 430 440
68 14 412 460
69 15 335 359
70 13 356 392
71 18 267 310
72 15 219 253
73 19 304 318
74 14 411 427
75 13 294 304
76 11 75 95
77 10 56 78
78 14 297 312
79 16 77 97
80 12 454 472
81 11 28 43
82 20 56 98
83 11 393 409
84 17 70 117
85 16 2 13
86 19 107 154
87 14 330 360
88 10 237 262
89 17 265 287
90 18 56 93
91 18 275 323
92 18 144 173
93 16 21 52
94 18 216 227
95 11 146 195
96 13 227 254
97 10 368 412
98 18 229 249
99 12 40 86
100 11 48 79
101 16 97 126
102 13 319 331
103 17 78 94
104 10 183 206
105 19 324 361
106 18 83 132
107 12 311 343
108 18 45 71
109 20 80 113
110 17 116 165
111 10 409 431
112 16 387 409
113 10 335 361
114 12 252 272
115 15 163 200
116 11 324 359
117 17 398 423
118 14 237 259
119 16 453 477
120 20 308 332
121 20 30 63
122 12 162 181
123 15 222 260
124 13 218 258
125 15 450 472
126 11 85 112
127 16 445 486
128 10 88 131
129 11 14 62
130 20 139 157
131 11 349 386
132 20 248 265
133 20 88 116
134 20 246 270
135 17 221 255
136 17 175 221
137 13 112 124
138 17 42 76
139 11 35 80
140 16 91 119
141 12 301 316
142 12 244 259
143 14 36 54
144 15 237 287
145 19 254 269
146 14 416 440
147 17 386 432
148 18 375 403
149 14 455 477
150 10 285 327
151 12 382 411
152 17 272 306
153 15 179 206
154 17 352 362
155 19 77 88
156 19 309 324
157 19 167 213
158 15 339 384
159 15 244 273
160 15 351 363
161 11 326 353
162 17 352 379
163 14 361 409
164 13 348 365
165 12 401 417
166 16 258 304
167 12 429 472
168 14 349 382
169 10 147 186
170 16 207 218
171 15 273 314
172 19 438 454
173 14 91 119
174 18 188 232
175 14 313 329
176 17 102 114
177 11 230 250
178 18 364 399
179 11 358 402
180 12 304 342
181 13 350 366
182 11 299 324
183 16 349 369
184 15 354 365
185 13 273 312
186 20 184 197
187 15 5 36
188 17 44 82
189 12 273 317
190 10 1 44
191 10 117 133
192 19 438 485
193 15 427 459
194 17 20 37
195 12 405 438
196 13 177 219
197 13 406 421
198 16 331 361
199 12 13 50
200 15 182 214
201 18 190 220
202 13 108 145
203 14 314 355
204 10 71 103
205 12 433 452
206 17 203 248
207 11 101 143
208 12 169 205
209 17 425 441
210 18 233 244
211 15 80 93
212 14 27 45
213 15 197 240
214 18 180 205
215 13 141 188
216 19 300 317
217 20 226 244
218 20 460 489
219 12 274 314
220 19 203 219
221 15 256 275
222 14 363 374
223 17 82 105
224 18 88 133
225 17 119 135
226 13 456 489
227 19 246 292
228 18 256 289
229 18 102 138
230 10 146 190
231 15 66 107
232 10 21 57
233 13 30 66
234 16 125 175
235 13 38 63
236 20 357 375
237 18 75 110
238 12 78 102
239 13 448 474
240 19 378 410
241 10 162 183
242 13 27 52
243 19 150 195
244 13 251 289
245 11 60 72
246 14 317 354
247 12 215 240
248 19 425 468
249 18 86 118
250 19 224 273
251 19 278 300
252 18 208 257
253 11 155 166
254 12 373 423
255 17 131 179
256 10 287 298
257 17 259 273
258 13 243 284
259 11 311 357
260 13 332 345
261 15 460 482
262 20 423 437
263 13 414 438
264 11 380 413
265 20 117 133
266 19 354 403
267 20 83 97
268 13 280 329
269 11 146 180
270 16 346 375
271 14 25 56
272 12 385 428
273 17 110 132
274 19 156 168
275 19 67 103
276 19 207 235
277 14 328 347
278 12 427 456
279 15 211 233
280 18 27 59
281 10 283 318
282 15 246 280
283 12 39 54
284 19 416 462
285 14 24 71
286 12 202 219
287 19 395 420
288 15 98 143
289 11 281 321
290 14 32 73
291 18 408 449
292 15 158 206
293 17 175 202
294 13 158 170
295 15 452 489
296 13 166 201
297 19 167 200
298 15 307 336
299 12 87 131
300 19 417 437
301 17 79 103
302 12 356 391
303 10 167 217
304 17 46 77
305 13 160 194
306 17 170 197
307 17 414 459
308 17 294 318
309 20 183 227
310 10 309 347
311 11 188 215
312 11 29 61
313 16 23 45
314 18 308 334
315 11 44 77
316 16 373 423
317 11 399 442
318 10 175 197
319 15 135 149
320 17 172 218
321 17 170 193
322 17 26 49
323 17 337 373
324 14 319 332
325 13 295 331
326 18 380 402
327 20 167 206
328 11 44 85
329 14 50 61
330 10 289 335
331 10 41 68
332 13 319 348
333 14 28 49
334 15 394 420
335 19 159 205
336 20 62 72
337 17 252 263
338 19 378 400
339 12 318 344
340 10 302 314
341 10 367 408
342 19 198 239
343 14 274 315
344 15 246 277
345 17 402 416
346 10 365 389
347 19 169 184
348 17 155 182
349 20 140 169
350 13 2 22
351 12 164 208
352 12 105 154
353 16 407 453
354 15 66 88
355 15 176 205
356 12 246 273
357 12 194 207
358 20 116 164
359 13 233 265
360 19 383 420
361 15 348 384
362 11 416 445
363 17 429 465
364 14 106 143
365 20 274 303
366 16 60 87
367 15 438 449
368 13 441 490
369 12 423 456
370 15 76 100
371 20 439 486
372 11 53 86
373 18 96 137
374 16 396 432
375 12 115 148
376 11 401 429
377 20 157 199
378 19 62 87
379 15 27 57
380 19 336 384
381 19 5 20
382 17 269 285
383 10 133 178
384 16 4 50
385 12 198 214
386 17 68 96
387 13 367 401
388 15 35 85
389 18 228 270
390 11 59 94
391 13 323 365
392 15 123 153
393 14 88 113
394 13 94 130
395 19 96 135
396 13 172 191
397 13 117 162
398 11 185 202
399 12 318 365
400 10 338 359
401 20 268 298
402 17 32 70
403 10 354 386
404 10 324 335
405 14 435 471
406 10 336 375
407 17 315 364
408 18 306 339
409 10 288 334
410 14 330 369
411 12 133 146
412 17 187 232
413 17 134 165
414 14 67 112
415 12 63 111
416 14 218 235
417 13 25 62
418 18 257 297
419 14 33 81
420 12 36 85
421 18 4 45
422 14 452 501
423 15 401 412
424 12 152 172
425 17 417 463
426 16 203 247
427 18 200 224
428 11 408 454
429 20 76 91
430 10 178 192
431 14 424 473
432 13 145 187
433 16 96 136
434 12 333 355
435 12 448 495
436 18 267 313
437 13 397 418
438 15 418 441
439 18 266 281
440 10 19 63
441 13 129 155
442 10 51 96
443 10 277 308
444 19 312 324
445 17 215 239
446 11 345 368
447 16 192 226
448 13 400 420
449 17 94 128
450 14 307 338
451 20 384 413
452 14 333 372
453 12 67 100
454 12 71 81
455 13 163 191
456 12 268 312
457 10 442 470
458 12 181 197
459 13 137 181
460 13 10 50
461 15 436 458
462 17 166 184
463 17 279 307
464 20 88 111
465 16 212 229
466 10 314 331
467 10 172 200
468 10 378 399
469 11 285 312
470 12 3 43
471 17 242 258
472 16 458 485
473 19 315 363
474 20 447 465
475 10 454 479
476 12 360 399
477 19 98 132
478 12 178 214
479 10 201 245
480 20 363 390
481 20 3 27
482 20 387 437
483 12 17 59
484 10 166 208
485 11 319 348
486 14 353 394
487 20 159 195
488 12 363 405
489 18 8 56
490 15 55 85
491 15 298 322
492 14 28 64
493 14 196 240
494 12 270 299
495 19 126 151
496 16 254 265
497 10 81 103
498 12 441 474
499 20 380 391
