540
0 0 0 0
1 60 300 360
2 10 360 540
3 14 360 540
4 13 0 300
5 20 360 540
6 15 0 300
7 19 0 300
8 11 360 540
9 18 360 540
10 11 360 540
11 17 0 300
12 20 360 540
13 17 0 300
14 17 0 300
15 20 0 300
16 14 360 540
17 16 0 300
18 15 360 540
19 20 0 300
20 12 0 300
21 14 360 540
22 10 0 300
23 12 360 540
24 10 360 540
25 10 0 300
26 10 0 300
27 11 0 300
28 16 0 300
29 11 0 300
30 20 360 540
31 18 360 540
32 12 360 540
33 19 360 540
34 20 0 300
35 18 0 300
36 10 0 300
37 13 0 300
38 16 0 300
39 18 0 300
40 11 360 540
41 20 360 540
42 11 0 300
43 11 360 540
44 10 0 300
45 14 360 540
46 17 360 540
47 18 360 540
48 17 360 540
49 11 0 300
50 13 360 540
51 19 0 300
52 18 0 300
53 13 0 300
54 18 0 300
55 16 0 300
56 17 0 300
57 14 0 300
58 14 0 300
59 14 360 540
60 17 0 300
61 16 360 540
62 17 360 540
63 17 0 300
64 20 0 300
65 14 0 300
66 18 360 540
67 18 360 540
68 18 0 300
69 12 0 300
70 15 360 540
71 12 360 540
72 19 360 540
73 19 360 540
74 12 0 300
75 11 0 300
76 18 0 300
77 10 0 300
78 13 0 300
79 17 360 540
80 15 0 300
81 12 360 540
82 13 360 540
83 15 360 540
84 16 0 300
85 15 360 540
86 12 0 300
87 16 0 300
88 10 360 540
89 10 360 540
90 13 0 300
91 19 0 300
92 20 0 300
93 15 0 300
94 19 360 540
95 18 0 300
96 12 0 300
97 17 360 540
98 14 360 540
99 19 0 300
100 11 0 300
101 12 0 300
102 16 360 540
103 18 0 300
104 10 360 540
105 10 360 540
106 18 0 300
107 15 360 540
108 13 360 540
109 11 0 300
110 19 0 300
111 14 360 540
112 19 360 540
113 12 360 540
114 14 360 540
115 12 0 300
116 11 360 540
117 16 360 540
118 16 0 300
119 18 0 300
120 13 0 300
121 14 360 540
122 19 360 540
123 13 0 300
124 20 0 300
125 18 0 300
126 15 360 540
127 10 0 300
128 15 0 300
129 12 360 540
130 20 360 540
131 17 360 540
132 18 360 540
133 13 360 540
134 18 360 540
135 12 360 540
136 15 0 300
137 12 0 300
138 16 0 300
139 14 360 540
140 12 360 540
141 12 360 540
142 13 360 540
143 13 360 540
144 20 360 540
145 12 360 540
146 16 0 300
147 16 360 540
148 10 360 540
149 15 0 300
150 17 0 300
151 13 0 300
152 14 360 540
153 10 360 540
154 17 360 540
155 12 0 300
156 13 0 300
157 17 360 540
158 10 0 300
159 20 0 300
160 15 0 300
161 12 360 540
162 14 0 300
163 17 360 540
164 20 360 540
165 18 360 540
166 17 0 300
167 12 360 540
168 19 0 300
169 20 360 540
170 11 0 300
171 14 360 540
172 11 360 540
173 19 360 540
174 20 0 300
175 13 360 540
176 12 0 300
177 14 360 540
178 10 360 540
179 14 0 300
180 18 360 540
181 19 0 300
182 14 0 300
183 11 0 300
184 17 0 300
185 19 0 300
186 12 0 300
187 11 0 300
188 19 0 300
189 14 0 300
190 13 0 300
191 11 360 540
192 12 360 540
193 10 360 540
194 18 0 300
195 10 360 540
196 14 360 540
197 19 0 300
198 15 360 540
199 10 0 300
200 10 360 540
201 11 360 540
202 16 0 300
203 20 360 540
204 11 360 540
205 15 360 540
206 20 0 300
207 14 360 540
208 18 0 300
209 17 360 540
210 16 360 540
211 11 360 540
212 10 0 300
213 15 360 540
214 19 0 300
215 20 0 300
216 11 360 540
217 12 0 300
218 11 0 300
219 19 360 540
220 14 0 300
221 16 0 300
222 16 0 300
223 19 360 540
224 12 360 540
225 13 360 540
226 20 0 300
227 14 360 540
228 12 360 540
229 14 0 300
230 13 0 300
231 19 360 540
232 12 360 540
233 20 360 540
234 18 0 300
235 12 360 540
236 13 360 540
237 14 0 300
238 15 0 300
239 18 360 540
240 10 0 300
241 13 360 540
242 11 360 540
243 15 0 300
244 13 360 540
245 15 0 300
246 12 0 300
247 19 360 540
248 17 0 300
249 10 0 300
250 14 360 540
251 10 360 540
252 14 0 300
253 12 0 300
254 11 0 300
255 13 360 540
256 11 0 300
257 19 360 540
258 11 0 300
259 16 0 300
260 12 0 300
261 10 0 300
262 16 0 300
263 14 360 540
264 10 360 540
265 18 360 540
266 10 0 300
267 15 0 300
268 19 360 540
269 10 0 300
270 12 360 540
271 15 360 540
272 12 0 300
273 18 0 300
274 19 0 300
275 17 360 540
276 15 360 540
277 20 0 300
278 14 0 300
279 17 0 300
280 10 0 300
281 14 360 540
282 16 0 300
283 12 0 300
284 17 360 540
285 20 0 300
286 18 360 540
287 14 360 540
288 18 0 300
289 17 360 540
290 19 0 300
291 12 360 540
292 11 360 540
293 20 0 300
294 13 360 540
295 17 0 300
296 16 0 300
297 16 360 540
298 14 360 540
299 15 0 300
