540
0 0 0 0
1 60 300 360
2 16 360 540
3 20 360 540
4 19 0 300
5 20 0 300
6 19 360 540
7 16 0 300
8 11 360 540
9 13 360 540
10 14 360 540
11 17 0 300
12 11 360 540
13 16 0 300
14 13 360 540
15 15 0 300
16 10 0 300
17 16 0 300
18 20 360 540
19 19 360 540
20 14 360 540
21 11 0 300
22 12 360 540
23 12 360 540
24 13 0 300
25 18 0 300
26 10 360 540
27 13 0 300
28 10 0 300
29 17 0 300
30 18 0 300
31 13 360 540
32 20 360 540
33 18 360 540
34 10 0 300
35 13 360 540
36 14 0 300
37 10 0 300
38 19 0 300
39 13 360 540
40 17 0 300
41 17 0 300
42 17 360 540
43 19 360 540
44 11 0 300
45 10 0 300
46 20 360 540
47 15 0 300
48 14 360 540
49 20 360 540
50 16 0 300
51 16 0 300
52 15 360 540
53 18 360 540
54 18 360 540
55 10 360 540
56 18 0 300
57 11 0 300
58 11 360 540
59 13 360 540
60 19 360 540
61 17 0 300
62 12 0 300
63 17 0 300
64 14 360 540
65 19 360 540
66 17 360 540
67 16 0 300
68 17 360 540
69 20 360 540
70 11 0 300
71 17 360 540
72 19 360 540
73 20 0 300
74 12 360 540
75 10 0 300
76 17 0 300
77 13 0 300
78 15 0 300
79 14 360 540
80 14 360 540
81 12 0 300
82 18 360 540
83 11 360 540
84 13 0 300
85 20 360 540
86 11 0 300
87 13 360 540
88 13 0 300
89 19 360 540
90 15 360 540
91 16 0 300
92 15 360 540
93 10 360 540
94 14 0 300
95 19 360 540
96 17 0 300
97 19 0 300
98 17 0 300
99 11 360 540
