540
0 0 0 0
1 60 300 360
2 11 0 540
3 18 0 540
4 11 0 540
5 11 0 540
6 20 0 540
7 16 0 540
8 16 0 540
9 15 0 540
10 15 0 540
11 10 0 540
12 10 0 540
13 15 0 540
14 15 0 540
15 19 0 540
16 20 0 540
17 19 0 540
18 15 0 540
19 12 0 540
20 14 0 540
21 15 0 540
22 10 0 540
23 17 0 540
24 20 0 540
25 12 0 540
26 19 0 540
27 14 0 540
28 16 0 540
29 18 0 540
30 16 0 540
31 15 0 540
32 11 0 540
33 19 0 540
34 18 0 540
35 15 0 540
36 14 0 540
37 11 0 540
38 16 0 540
39 18 0 540
40 19 0 540
41 15 0 540
42 13 0 540
43 11 0 540
44 11 0 540
45 12 0 540
46 16 0 540
47 17 0 540
48 19 0 540
49 19 0 540
