540
0 0 0 0
1 60 300 360
2 10 316 358
3 14 139 170
4 13 139 155
5 20 354 384
6 15 406 418
7 19 401 412
8 11 19 36
9 18 313 324
10 11 497 509
11 17 200 246
12 20 99 147
13 17 333 360
14 17 196 219
15 20 82 101
16 14 354 384
17 16 272 310
18 15 52 67
19 20 177 194
20 12 168 192
21 14 284 317
22 10 86 122
23 12 79 113
24 10 353 383
25 10 355 378
26 10 425 446
27 11 32 51
28 16 68 80
29 11 68 82
30 20 39 86
31 18 199 233
32 12 489 516
33 19 233 259
34 20 447 480
35 18 233 248
36 10 500 538
37 13 464 497
38 16 140 155
39 18 67 94
40 11 83 120
41 20 107 153
42 11 295 336
43 11 216 258
44 10 148 171
45 14 489 532
46 17 248 271
47 18 22 44
48 17 459 475
49 11 197 245
50 13 504 521
51 19 35 65
52 18 326 354
53 13 488 534
54 18 106 141
55 16 359 371
56 17 36 83
57 14 423 469
58 14 403 416
59 14 514 544
60 17 188 216
61 16 197 235
62 17 334 354
63 17 21 35
64 20 280 297
65 14 148 182
66 18 341 390
67 18 284 325
68 18 483 533
69 12 107 127
70 15 117 157
71 12 484 517
72 19 434 468
73 19 392 436
74 12 210 255
75 11 338 351
76 18 219 242
77 10 377 412
78 13 502 514
79 17 234 281
80 15 249 265
81 12 92 126
82 13 144 175
83 15 349 395
84 16 194 230
85 15 91 129
86 12 6 42
87 16 350 391
88 10 152 191
89 10 60 103
90 13 335 349
91 19 344 374
92 20 111 123
93 15 18 37
94 19 172 184
95 18 17 36
96 12 18 50
97 17 498 546
98 14 0 41
99 19 285 304
100 11 514 543
101 12 424 454
102 16 72 118
103 18 388 431
104 10 228 270
105 10 200 246
106 18 380 420
107 15 131 174
108 13 122 144
109 11 420 441
110 19 256 303
111 14 19 40
112 19 260 294
113 12 486 533
114 14 227 276
115 12 468 486
116 11 46 95
117 16 396 442
118 16 154 185
119 18 510 539
120 13 117 156
121 14 33 77
122 19 382 404
123 13 495 505
124 20 133 171
125 18 176 194
126 15 519 560
127 10 115 129
128 15 39 85
129 12 246 289
130 20 187 206
131 17 198 208
132 18 75 115
133 13 262 294
134 18 150 160
135 12 450 478
136 15 411 443
137 12 113 132
138 16 32 76
139 14 467 481
140 12 26 47
141 12 145 184
142 13 155 166
143 13 392 414
144 20 297 328
145 12 102 147
146 16 202 241
147 16 416 443
148 10 340 365
149 15 69 105
150 17 415 440
151 13 292 341
152 14 359 406
153 10 284 306
154 17 60 79
155 12 309 328
156 13 67 109
157 17 225 238
158 10 378 409
159 20 260 298
160 15 354 392
161 12 395 430
162 14 165 205
163 17 486 505
164 20 452 489
165 18 10 44
166 17 112 129
167 12 483 501
168 19 165 206
169 20 51 93
170 11 388 406
171 14 212 253
172 11 506 522
173 19 331 361
174 20 5 16
175 13 210 253
176 12 455 467
177 14 167 209
178 10 206 228
179 14 512 523
180 18 516 565
181 19 374 385
182 14 513 555
183 11 77 110
184 17 132 177
185 19 384 418
186 12 473 485
187 11 282 296
188 19 464 498
189 14 20 34
190 13 198 221
191 11 190 227
192 12 90 102
193 10 29 65
194 18 129 157
195 10 218 235
196 14 333 355
197 19 91 135
198 15 243 278
199 10 187 211
200 10 325 341
201 11 378 423
202 16 332 354
203 20 211 233
204 11 265 298
205 15 364 389
206 20 418 431
207 14 352 390
208 18 78 94
209 17 323 342
210 16 424 465
211 11 29 51
212 10 498 513
213 15 351 372
214 19 403 424
215 20 62 105
216 11 343 379
217 12 488 528
218 11 244 288
219 19 439 450
220 14 478 524
221 16 40 89
222 16 484 522
223 19 286 302
224 12 363 412
225 13 454 498
226 20 40 59
227 14 437 484
228 12 19 33
229 14 167 184
230 13 230 260
231 19 356 386
232 12 23 35
233 20 493 529
234 18 435 449
235 12 470 493
236 13 79 114
237 14 200 229
238 15 362 410
239 18 407 429
240 10 489 527
241 13 265 303
242 11 411 454
243 15 330 367
244 13 315 342
245 15 478 502
246 12 148 178
247 19 39 49
248 17 159 175
249 10 169 211
250 14 23 72
251 10 205 223
252 14 474 496
253 12 264 302
254 11 504 522
255 13 203 237
256 11 215 231
257 19 253 300
258 11 179 190
259 16 203 231
260 12 109 133
261 10 87 105
262 16 458 495
263 14 426 468
264 10 375 396
265 18 324 363
266 10 3 27
267 15 421 445
268 19 406 434
269 10 290 322
270 12 372 382
271 15 268 298
272 12 217 248
273 18 131 166
274 19 473 523
275 17 278 292
276 15 9 22
277 20 184 212
278 14 239 267
279 17 80 91
280 10 394 409
281 14 317 336
282 16 499 530
283 12 138 186
284 17 445 468
285 20 177 201
286 18 75 106
287 14 104 148
288 18 37 59
289 17 451 467
290 19 500 526
291 12 275 320
292 11 221 257
293 20 513 537
294 13 487 497
295 17 235 261
296 16 303 322
297 16 236 278
298 14 457 467
299 15 262 278
