540
0 0 0 0
1 60 300 360
2 14 0 540
3 18 0 540
4 17 0 540
5 17 0 540
6 18 0 540
7 12 0 540
8 16 0 540
9 17 0 540
10 20 0 540
11 13 0 540
12 12 0 540
13 12 0 540
14 15 0 540
15 14 0 540
16 14 0 540
17 10 0 540
18 16 0 540
19 11 0 540
20 13 0 540
21 16 0 540
22 18 0 540
23 19 0 540
24 19 0 540
25 14 0 540
26 17 0 540
27 18 0 540
28 18 0 540
29 18 0 540
30 16 0 540
31 16 0 540
32 18 0 540
33 10 0 540
34 15 0 540
35 16 0 540
36 15 0 540
37 11 0 540
38 11 0 540
39 14 0 540
40 13 0 540
41 18 0 540
42 12 0 540
43 14 0 540
44 18 0 540
45 11 0 540
46 10 0 540
47 11 0 540
48 20 0 540
49 19 0 540
50 10 0 540
51 20 0 540
52 18 0 540
53 17 0 540
54 19 0 540
55 20 0 540
56 16 0 540
57 20 0 540
58 10 0 540
59 15 0 540
60 11 0 540
61 13 0 540
62 10 0 540
63 12 0 540
64 20 0 540
65 17 0 540
66 15 0 540
67 15 0 540
68 10 0 540
69 20 0 540
70 18 0 540
71 19 0 540
72 18 0 540
73 10 0 540
74 11 0 540
75 12 0 540
76 13 0 540
77 12 0 540
78 17 0 540
79 20 0 540
80 20 0 540
81 14 0 540
82 11 0 540
83 20 0 540
84 11 0 540
85 19 0 540
86 10 0 540
87 18 0 540
88 11 0 540
89 10 0 540
90 13 0 540
91 11 0 540
92 14 0 540
93 10 0 540
94 17 0 540
95 19 0 540
96 19 0 540
97 11 0 540
98 11 0 540
99 16 0 540
100 18 0 540
101 14 0 540
102 16 0 540
103 17 0 540
104 13 0 540
105 10 0 540
106 10 0 540
107 13 0 540
108 14 0 540
109 18 0 540
110 10 0 540
111 17 0 540
112 19 0 540
113 18 0 540
114 17 0 540
115 13 0 540
116 20 0 540
117 11 0 540
118 16 0 540
119 17 0 540
120 20 0 540
121 12 0 540
122 13 0 540
123 17 0 540
124 15 0 540
125 11 0 540
126 15 0 540
127 20 0 540
128 15 0 540
129 12 0 540
130 13 0 540
131 16 0 540
132 19 0 540
133 13 0 540
134 18 0 540
135 16 0 540
136 14 0 540
137 18 0 540
138 19 0 540
139 19 0 540
140 17 0 540
141 20 0 540
142 13 0 540
143 17 0 540
144 17 0 540
145 11 0 540
146 17 0 540
147 19 0 540
148 15 0 540
149 16 0 540
150 16 0 540
151 13 0 540
152 14 0 540
153 13 0 540
154 10 0 540
155 16 0 540
156 18 0 540
157 20 0 540
158 16 0 540
159 17 0 540
160 13 0 540
161 15 0 540
162 12 0 540
163 11 0 540
164 16 0 540
165 20 0 540
166 15 0 540
167 19 0 540
168 19 0 540
169 13 0 540
170 14 0 540
171 14 0 540
172 14 0 540
173 10 0 540
174 18 0 540
175 13 0 540
176 19 0 540
177 11 0 540
178 15 0 540
179 15 0 540
180 18 0 540
181 11 0 540
182 19 0 540
183 11 0 540
184 10 0 540
185 13 0 540
186 18 0 540
187 12 0 540
188 19 0 540
189 13 0 540
190 12 0 540
191 18 0 540
192 15 0 540
193 12 0 540
194 15 0 540
195 13 0 540
196 12 0 540
197 16 0 540
198 11 0 540
199 13 0 540
