480
0 0 0 0
1 60 240 300
2 11 0 240
3 18 300 480
4 11 0 240
5 11 0 240
6 20 300 480
7 16 0 240
8 16 300 480
9 15 300 480
10 15 300 480
11 10 300 480
12 10 300 480
13 15 300 480
14 15 0 240
15 19 0 240
16 20 0 240
17 19 300 480
18 15 300 480
19 12 0 240
20 14 300 480
21 15 0 240
22 10 0 240
23 17 300 480
24 20 300 480
25 12 300 480
26 19 300 480
27 14 300 480
28 16 0 240
29 18 0 240
30 16 300 480
31 15 300 480
32 11 0 240
33 19 0 240
34 18 0 240
35 15 0 240
36 14 300 480
37 11 0 240
38 16 300 480
39 18 0 240
40 19 300 480
41 15 300 480
42 13 300 480
43 11 300 480
44 11 300 480
45 12 300 480
46 16 300 480
47 17 0 240
48 19 300 480
49 19 300 480
