480
0 0 0 0
1 60 240 300
2 10 300 480
3 14 300 480
4 13 0 240
5 20 300 480
6 15 0 240
7 19 0 240
8 11 300 480
9 18 300 480
10 11 300 480
11 17 0 240
12 20 300 480
13 17 0 240
14 17 0 240
15 20 0 240
16 14 300 480
17 16 0 240
18 15 300 480
19 20 0 240
20 12 0 240
21 14 300 480
22 10 0 240
23 12 300 480
24 10 300 480
25 10 0 240
26 10 0 240
27 11 0 240
28 16 0 240
29 11 0 240
30 20 300 480
31 18 300 480
32 12 300 480
33 19 300 480
34 20 0 240
35 18 0 240
36 10 0 240
37 13 0 240
38 16 0 240
39 18 0 240
40 11 300 480
41 20 300 480
42 11 0 240
43 11 300 480
44 10 0 240
45 14 300 480
46 17 300 480
47 18 300 480
48 17 300 480
49 11 0 240
50 13 300 480
51 19 0 240
52 18 0 240
53 13 0 240
54 18 0 240
55 16 0 240
56 17 0 240
57 14 0 240
58 14 0 240
59 14 300 480
60 17 0 240
61 16 300 480
62 17 300 480
63 17 0 240
64 20 0 240
65 14 0 240
66 18 300 480
67 18 300 480
68 18 0 240
69 12 0 240
70 15 300 480
71 12 300 480
72 19 300 480
73 19 300 480
74 12 0 240
75 11 0 240
76 18 0 240
77 10 0 240
78 13 0 240
79 17 300 480
80 15 0 240
81 12 300 480
82 13 300 480
83 15 300 480
84 16 0 240
85 15 300 480
86 12 0 240
87 16 0 240
88 10 300 480
89 10 300 480
90 13 0 240
91 19 0 240
92 20 0 240
93 15 0 240
94 19 300 480
95 18 0 240
96 12 0 240
97 17 300 480
98 14 300 480
99 19 0 240
100 11 0 240
101 12 0 240
102 16 300 480
103 18 0 240
104 10 300 480
105 10 300 480
106 18 0 240
107 15 300 480
108 13 300 480
109 11 0 240
110 19 0 240
111 14 300 480
112 19 300 480
113 12 300 480
114 14 300 480
115 12 0 240
116 11 300 480
117 16 300 480
118 16 0 240
119 18 0 240
120 13 0 240
121 14 300 480
122 19 300 480
123 13 0 240
124 20 0 240
125 18 0 240
126 15 300 480
127 10 0 240
128 15 0 240
129 12 300 480
130 20 300 480
131 17 300 480
132 18 300 480
133 13 300 480
134 18 300 480
135 12 300 480
136 15 0 240
137 12 0 240
138 16 0 240
139 14 300 480
140 12 300 480
141 12 300 480
142 13 300 480
143 13 300 480
144 20 300 480
145 12 300 480
146 16 0 240
147 16 300 480
148 10 300 480
149 15 0 240
150 17 0 240
151 13 0 240
152 14 300 480
153 10 300 480
154 17 300 480
155 12 0 240
156 13 0 240
157 17 300 480
158 10 0 240
159 20 0 240
160 15 0 240
161 12 300 480
162 14 0 240
163 17 300 480
164 20 300 480
165 18 300 480
166 17 0 240
167 12 300 480
168 19 0 240
169 20 300 480
170 11 0 240
171 14 300 480
172 11 300 480
173 19 300 480
174 20 0 240
175 13 300 480
176 12 0 240
177 14 300 480
178 10 300 480
179 14 0 240
180 18 300 480
181 19 0 240
182 14 0 240
183 11 0 240
184 17 0 240
185 19 0 240
186 12 0 240
187 11 0 240
188 19 0 240
189 14 0 240
190 13 0 240
191 11 300 480
192 12 300 480
193 10 300 480
194 18 0 240
195 10 300 480
196 14 300 480
197 19 0 240
198 15 300 480
199 10 0 240
200 10 300 480
201 11 300 480
202 16 0 240
203 20 300 480
204 11 300 480
205 15 300 480
206 20 0 240
207 14 300 480
208 18 0 240
209 17 300 480
210 16 300 480
211 11 300 480
212 10 0 240
213 15 300 480
214 19 0 240
215 20 0 240
216 11 300 480
217 12 0 240
218 11 0 240
219 19 300 480
220 14 0 240
221 16 0 240
222 16 0 240
223 19 300 480
224 12 300 480
225 13 300 480
226 20 0 240
227 14 300 480
228 12 300 480
229 14 0 240
230 13 0 240
231 19 300 480
232 12 300 480
233 20 300 480
234 18 0 240
235 12 300 480
236 13 300 480
237 14 0 240
238 15 0 240
239 18 300 480
240 10 0 240
241 13 300 480
242 11 300 480
243 15 0 240
244 13 300 480
245 15 0 240
246 12 0 240
247 19 300 480
248 17 0 240
249 10 0 240
250 14 300 480
251 10 300 480
252 14 0 240
253 12 0 240
254 11 0 240
255 13 300 480
256 11 0 240
257 19 300 480
258 11 0 240
259 16 0 240
260 12 0 240
261 10 0 240
262 16 0 240
263 14 300 480
264 10 300 480
265 18 300 480
266 10 0 240
267 15 0 240
268 19 300 480
269 10 0 240
270 12 300 480
271 15 300 480
272 12 0 240
273 18 0 240
274 19 0 240
275 17 300 480
276 15 300 480
277 20 0 240
278 14 0 240
279 17 0 240
280 10 0 240
281 14 300 480
282 16 0 240
283 12 0 240
284 17 300 480
285 20 0 240
286 18 300 480
287 14 300 480
288 18 0 240
289 17 300 480
290 19 0 240
291 12 300 480
292 11 300 480
293 20 0 240
294 13 300 480
295 17 0 240
296 16 0 240
297 16 300 480
298 14 300 480
299 15 0 240
