480
0 0 0 0
1 60 240 300
2 16 300 480
3 20 300 480
4 19 0 240
5 20 0 240
6 19 300 480
7 16 0 240
8 11 300 480
9 13 300 480
10 14 300 480
11 17 0 240
12 11 300 480
13 16 0 240
14 13 300 480
15 15 0 240
16 10 0 240
17 16 0 240
18 20 300 480
19 19 300 480
20 14 300 480
21 11 0 240
22 12 300 480
23 12 300 480
24 13 0 240
25 18 0 240
26 10 300 480
27 13 0 240
28 10 0 240
29 17 0 240
30 18 0 240
31 13 300 480
32 20 300 480
33 18 300 480
34 10 0 240
35 13 300 480
36 14 0 240
37 10 0 240
38 19 0 240
39 13 300 480
40 17 0 240
41 17 0 240
42 17 300 480
43 19 300 480
44 11 0 240
45 10 0 240
46 20 300 480
47 15 0 240
48 14 300 480
49 20 300 480
50 16 0 240
51 16 0 240
52 15 300 480
53 18 300 480
54 18 300 480
55 10 300 480
56 18 0 240
57 11 0 240
58 11 300 480
59 13 300 480
60 19 300 480
61 17 0 240
62 12 0 240
63 17 0 240
64 14 300 480
65 19 300 480
66 17 300 480
67 16 0 240
68 17 300 480
69 20 300 480
70 11 0 240
71 17 300 480
72 19 300 480
73 20 0 240
74 12 300 480
75 10 0 240
76 17 0 240
77 13 0 240
78 15 0 240
79 14 300 480
80 14 300 480
81 12 0 240
82 18 300 480
83 11 300 480
84 13 0 240
85 20 300 480
86 11 0 240
87 13 300 480
88 13 0 240
89 19 300 480
90 15 300 480
91 16 0 240
92 15 300 480
93 10 300 480
94 14 0 240
95 19 300 480
96 17 0 240
97 19 0 240
98 17 0 240
99 11 300 480
