540
0 0 0 0
1 60 300 360
2 17 0 300
3 16 360 540
4 12 360 540
5 19 360 540
6 19 360 540
7 17 0 300
8 19 0 300
9 19 360 540
10 16 360 540
11 14 360 540
12 15 360 540
13 19 0 300
14 11 360 540
15 19 0 300
16 19 0 300
17 16 360 540
18 17 0 300
19 19 360 540
20 11 0 300
21 14 360 540
22 18 360 540
23 18 360 540
24 17 0 300
25 11 0 300
26 18 360 540
27 18 360 540
28 13 0 300
29 12 0 300
30 17 0 300
31 11 360 540
32 15 360 540
33 10 0 300
34 16 0 300
35 16 0 300
36 17 0 300
37 19 0 300
38 19 0 300
39 16 360 540
40 10 360 540
41 17 0 300
42 13 0 300
43 19 360 540
44 10 0 300
45 16 0 300
46 10 0 300
47 20 0 300
48 13 360 540
49 13 360 540
50 19 0 300
51 15 360 540
52 11 360 540
53 17 360 540
54 10 0 300
55 19 360 540
56 20 0 300
57 19 360 540
58 10 0 300
59 13 360 540
60 20 0 300
61 10 360 540
62 18 0 300
63 17 360 540
64 15 360 540
65 18 0 300
66 16 360 540
67 12 360 540
68 16 0 300
69 20 360 540
70 11 360 540
71 10 0 300
72 11 0 300
73 15 360 540
74 13 360 540
75 16 360 540
76 17 360 540
77 14 360 540
78 11 360 540
79 20 0 300
80 12 360 540
81 19 0 300
82 17 360 540
83 14 0 300
84 13 0 300
85 16 360 540
86 19 360 540
87 14 360 540
88 15 360 540
89 20 0 300
90 16 0 300
91 13 0 300
92 12 0 300
93 17 360 540
94 10 360 540
95 20 0 300
96 12 0 300
97 18 360 540
98 13 360 540
99 11 0 300
100 14 0 300
101 12 360 540
102 14 360 540
103 20 0 300
104 12 360 540
105 12 0 300
106 16 360 540
107 15 0 300
108 15 360 540
109 17 0 300
110 18 360 540
111 14 360 540
112 10 360 540
113 10 0 300
114 18 0 300
115 19 360 540
116 14 360 540
117 14 0 300
118 17 0 300
119 18 0 300
120 11 360 540
121 14 360 540
122 16 360 540
123 15 360 540
124 19 0 300
125 15 360 540
126 16 360 540
127 19 0 300
128 11 360 540
129 12 0 300
130 19 0 300
131 14 360 540
132 16 0 300
133 12 0 300
134 18 0 300
135 12 0 300
136 17 0 300
137 19 0 300
138 15 360 540
139 11 360 540
140 15 0 300
141 10 360 540
142 18 360 540
143 13 0 300
144 15 0 300
145 15 0 300
146 19 0 300
147 14 0 300
148 15 360 540
149 17 360 540
150 10 0 300
151 16 360 540
152 11 0 300
153 17 360 540
154 10 0 300
155 12 0 300
156 12 0 300
157 11 0 300
158 18 0 300
159 17 360 540
160 15 0 300
161 16 0 300
162 13 360 540
163 14 360 540
164 13 0 300
165 16 360 540
166 14 0 300
167 17 0 300
168 11 360 540
169 19 360 540
170 18 360 540
171 16 360 540
172 20 360 540
173 12 0 300
174 15 360 540
175 16 0 300
176 12 0 300
177 16 0 300
178 11 360 540
179 13 360 540
180 16 0 300
181 20 0 300
182 18 0 300
183 16 0 300
184 18 0 300
185 15 0 300
186 13 360 540
187 12 0 300
188 20 0 300
189 12 360 540
190 17 0 300
191 13 0 300
192 11 0 300
193 11 360 540
194 15 360 540
195 19 360 540
196 12 360 540
197 11 360 540
198 18 360 540
199 16 0 300
200 11 360 540
201 12 0 300
202 13 0 300
203 17 0 300
204 14 360 540
205 10 360 540
206 18 360 540
207 19 360 540
208 14 360 540
209 16 360 540
210 18 360 540
211 18 360 540
212 19 360 540
213 15 360 540
214 18 360 540
215 16 360 540
216 15 360 540
217 12 360 540
218 10 0 300
219 10 360 540
220 20 360 540
221 11 360 540
222 11 0 300
223 17 0 300
224 18 360 540
225 14 0 300
226 12 0 300
227 17 360 540
228 11 360 540
229 20 0 300
230 12 0 300
231 19 360 540
232 20 360 540
233 18 0 300
234 18 0 300
235 18 0 300
236 20 0 300
237 18 0 300
238 14 360 540
239 20 0 300
240 17 360 540
241 10 0 300
242 14 360 540
243 10 0 300
244 17 360 540
245 17 0 300
246 18 0 300
247 16 360 540
248 14 0 300
249 16 0 300
250 20 0 300
251 14 0 300
252 14 0 300
253 19 0 300
254 16 360 540
255 20 360 540
256 16 360 540
257 10 0 300
258 10 0 300
259 15 0 300
260 16 0 300
261 15 360 540
262 15 0 300
263 16 360 540
264 11 0 300
265 20 0 300
266 16 0 300
267 12 0 300
268 20 0 300
269 12 360 540
270 12 360 540
271 17 360 540
272 18 360 540
273 13 360 540
274 20 360 540
275 17 0 300
276 19 0 300
277 19 360 540
278 20 360 540
279 20 0 300
280 12 0 300
281 18 360 540
282 14 360 540
283 17 0 300
284 12 0 300
285 14 360 540
286 18 0 300
287 11 0 300
288 15 0 300
289 11 360 540
290 14 0 300
291 16 360 540
292 14 0 300
293 20 0 300
294 17 360 540
295 11 0 300
296 14 0 300
297 11 360 540
298 15 0 300
299 19 360 540
300 17 0 300
301 15 360 540
302 13 0 300
303 16 360 540
304 11 360 540
305 11 360 540
306 20 0 300
307 15 360 540
308 19 0 300
309 14 0 300
310 11 360 540
311 17 0 300
312 20 0 300
313 20 360 540
314 12 0 300
315 13 360 540
316 19 0 300
317 19 360 540
318 16 0 300
319 17 360 540
320 10 0 300
321 13 0 300
322 10 360 540
323 20 0 300
324 16 360 540
325 13 0 300
326 12 360 540
327 18 0 300
328 11 0 300
329 12 360 540
330 15 0 300
331 16 360 540
332 11 360 540
333 13 360 540
334 13 360 540
335 18 360 540
336 15 0 300
337 19 0 300
338 18 0 300
339 11 360 540
340 17 360 540
341 13 0 300
342 15 360 540
343 14 0 300
344 13 0 300
345 13 0 300
346 10 360 540
347 12 0 300
348 18 0 300
349 12 0 300
350 10 360 540
351 14 0 300
352 18 360 540
353 12 360 540
354 18 0 300
355 18 360 540
356 11 0 300
357 13 0 300
358 17 360 540
359 10 360 540
360 10 0 300
361 14 360 540
362 13 0 300
363 14 0 300
364 10 0 300
365 11 0 300
366 20 360 540
367 11 360 540
368 13 0 300
369 11 360 540
370 15 360 540
371 19 360 540
372 19 360 540
373 15 360 540
374 11 0 300
375 16 0 300
376 15 360 540
377 16 360 540
378 14 0 300
379 20 360 540
380 16 0 300
381 20 0 300
382 18 0 300
383 18 360 540
384 17 360 540
385 13 0 300
386 11 0 300
387 17 0 300
388 18 0 300
389 15 360 540
390 16 0 300
391 16 360 540
392 17 0 300
393 16 0 300
394 17 0 300
395 12 0 300
396 19 360 540
397 18 360 540
398 18 360 540
399 11 360 540
400 19 360 540
401 13 360 540
402 16 0 300
403 11 360 540
404 13 360 540
405 12 0 300
406 15 0 300
407 19 0 300
408 19 0 300
409 19 360 540
410 10 0 300
411 18 360 540
412 11 0 300
413 14 360 540
414 14 360 540
415 15 360 540
416 14 0 300
417 17 0 300
418 20 0 300
419 11 0 300
420 13 360 540
421 20 0 300
422 10 360 540
423 19 360 540
424 12 0 300
425 13 360 540
426 11 360 540
427 11 360 540
428 10 0 300
429 12 0 300
430 10 0 300
431 11 0 300
432 11 0 300
433 19 0 300
434 17 360 540
435 12 0 300
436 14 0 300
437 10 0 300
438 15 360 540
439 15 0 300
440 20 0 300
441 20 360 540
442 11 0 300
443 10 360 540
444 14 0 300
445 10 360 540
446 14 360 540
447 10 0 300
448 11 360 540
449 15 360 540
450 19 0 300
451 15 0 300
452 15 360 540
453 14 360 540
454 19 360 540
455 16 0 300
456 14 0 300
457 17 360 540
458 16 360 540
459 17 0 300
460 16 360 540
461 16 360 540
462 18 360 540
463 12 360 540
464 10 360 540
465 10 360 540
466 19 360 540
467 18 360 540
468 15 360 540
469 13 0 300
470 13 0 300
471 18 0 300
472 15 0 300
473 19 0 300
474 20 360 540
475 15 360 540
476 20 360 540
477 12 0 300
478 17 0 300
479 16 360 540
480 13 360 540
481 20 360 540
482 14 0 300
483 13 360 540
484 11 0 300
485 17 0 300
486 18 360 540
487 20 360 540
488 16 360 540
489 15 360 540
490 13 0 300
491 15 360 540
492 15 0 300
493 17 360 540
494 15 360 540
495 12 0 300
496 13 0 300
497 15 0 300
498 17 0 300
499 15 360 540
500 17 0 300
501 14 360 540
502 13 360 540
503 11 360 540
504 10 0 300
505 19 360 540
506 19 0 300
507 20 0 300
508 13 0 300
509 17 360 540
510 11 360 540
511 11 360 540
512 14 0 300
513 10 360 540
514 10 0 300
515 18 360 540
516 14 0 300
517 15 360 540
518 18 360 540
519 16 360 540
520 12 360 540
521 11 360 540
522 12 360 540
523 14 0 300
524 17 360 540
525 12 0 300
526 18 0 300
527 16 360 540
528 19 0 300
529 12 0 300
530 15 360 540
531 19 0 300
532 15 360 540
533 13 360 540
534 12 0 300
535 18 0 300
536 14 360 540
537 17 0 300
538 15 0 300
539 13 360 540
540 19 0 300
541 14 360 540
542 19 360 540
543 10 0 300
544 11 360 540
545 12 0 300
546 18 0 300
547 10 0 300
548 16 360 540
549 14 360 540
550 16 360 540
551 12 360 540
552 14 0 300
553 12 360 540
554 15 0 300
555 17 0 300
556 11 360 540
557 16 0 300
558 17 0 300
559 15 0 300
560 16 0 300
561 19 0 300
562 13 360 540
563 17 0 300
564 10 360 540
565 12 360 540
566 20 360 540
567 12 0 300
568 12 0 300
569 20 360 540
570 20 360 540
571 16 0 300
572 15 0 300
573 12 0 300
574 19 360 540
575 18 0 300
576 10 0 300
577 13 360 540
578 16 360 540
579 12 360 540
580 13 0 300
581 15 360 540
582 20 360 540
583 14 360 540
584 19 360 540
585 16 0 300
586 13 0 300
587 19 360 540
588 19 0 300
589 12 360 540
590 12 360 540
591 12 360 540
592 13 0 300
593 19 360 540
594 12 0 300
595 20 360 540
596 16 360 540
597 19 0 300
598 15 360 540
599 20 360 540
600 16 360 540
601 15 0 300
602 20 360 540
603 17 0 300
604 19 360 540
605 20 360 540
606 18 360 540
607 14 360 540
608 20 360 540
609 18 360 540
610 12 0 300
611 12 360 540
612 11 360 540
613 14 0 300
614 19 360 540
615 12 360 540
616 18 360 540
617 10 0 300
618 19 360 540
619 16 360 540
620 10 0 300
621 19 360 540
622 16 0 300
623 20 0 300
624 12 0 300
625 20 0 300
626 13 360 540
627 20 0 300
628 19 0 300
629 12 0 300
630 17 360 540
631 15 0 300
632 13 0 300
633 16 360 540
634 15 0 300
635 10 0 300
636 11 0 300
637 13 360 540
638 11 0 300
639 17 0 300
640 20 0 300
641 13 0 300
642 20 0 300
643 20 0 300
644 11 360 540
645 10 0 300
646 12 0 300
647 17 0 300
648 10 0 300
649 10 360 540
650 20 0 300
651 18 360 540
652 15 360 540
653 15 0 300
654 20 0 300
655 15 360 540
656 10 0 300
657 11 360 540
658 13 0 300
659 12 0 300
660 14 360 540
661 13 360 540
662 11 0 300
663 11 360 540
664 10 0 300
665 12 360 540
666 13 360 540
667 14 360 540
668 14 360 540
669 12 0 300
670 12 360 540
671 11 0 300
672 10 360 540
673 12 360 540
674 11 360 540
675 10 0 300
676 13 360 540
677 14 360 540
678 10 360 540
679 14 360 540
680 18 0 300
681 16 360 540
682 11 0 300
683 10 0 300
684 17 0 300
685 14 0 300
686 17 0 300
687 13 360 540
688 19 360 540
689 20 360 540
690 20 360 540
691 13 0 300
692 18 360 540
693 17 0 300
694 19 360 540
695 17 360 540
696 12 0 300
697 11 0 300
698 20 0 300
699 15 360 540
700 14 360 540
701 10 0 300
702 14 0 300
703 10 360 540
704 11 0 300
705 14 0 300
706 17 0 300
707 13 0 300
708 19 360 540
709 17 0 300
710 12 0 300
711 17 360 540
712 18 360 540
713 13 360 540
714 12 360 540
715 10 360 540
716 11 360 540
717 20 360 540
718 11 360 540
719 10 360 540
720 20 0 300
721 20 360 540
722 12 0 300
723 11 360 540
724 13 0 300
725 15 0 300
726 10 0 300
727 18 0 300
728 14 360 540
729 18 360 540
730 19 360 540
731 18 0 300
732 19 0 300
733 12 360 540
734 15 360 540
735 14 360 540
736 14 0 300
737 16 0 300
738 20 0 300
739 13 0 300
740 10 0 300
741 19 0 300
742 14 0 300
743 18 360 540
744 16 360 540
745 16 360 540
746 10 0 300
747 10 360 540
748 11 360 540
749 16 0 300
750 14 0 300
751 15 0 300
752 12 0 300
753 16 0 300
754 10 360 540
755 10 0 300
756 17 360 540
757 15 360 540
758 19 0 300
759 14 360 540
760 16 0 300
761 16 0 300
762 14 360 540
763 20 0 300
764 16 360 540
765 18 0 300
766 12 360 540
767 20 0 300
768 19 0 300
769 15 0 300
770 10 0 300
771 18 360 540
772 18 0 300
773 16 360 540
774 12 0 300
775 11 360 540
776 16 0 300
777 11 360 540
778 11 0 300
779 19 0 300
780 15 360 540
781 13 0 300
782 20 360 540
783 20 0 300
784 17 0 300
785 20 0 300
786 10 0 300
787 11 0 300
788 16 360 540
789 15 360 540
790 18 0 300
791 10 0 300
792 19 0 300
793 19 0 300
794 14 360 540
795 18 0 300
796 11 360 540
797 17 360 540
798 19 0 300
799 17 360 540
800 17 360 540
801 13 360 540
802 20 360 540
803 19 0 300
804 12 0 300
805 18 0 300
806 13 0 300
807 16 360 540
808 16 360 540
809 12 360 540
810 11 0 300
811 12 0 300
812 19 0 300
813 11 0 300
814 10 360 540
815 17 360 540
816 10 360 540
817 11 360 540
818 12 360 540
819 14 360 540
820 19 0 300
821 18 0 300
822 12 360 540
823 17 360 540
824 11 0 300
825 14 360 540
826 19 360 540
827 16 0 300
828 15 360 540
829 13 360 540
830 11 360 540
831 12 360 540
832 14 0 300
833 11 360 540
834 19 360 540
835 14 0 300
836 16 360 540
837 14 360 540
838 11 0 300
839 16 360 540
840 10 360 540
841 20 360 540
842 15 0 300
843 17 0 300
844 19 360 540
845 16 360 540
846 20 0 300
847 10 0 300
848 18 0 300
849 14 0 300
850 11 0 300
851 12 0 300
852 10 0 300
853 16 0 300
854 16 360 540
855 20 0 300
856 19 360 540
857 18 0 300
858 18 0 300
859 19 360 540
860 14 360 540
861 12 360 540
862 15 0 300
863 13 360 540
864 16 360 540
865 13 360 540
866 12 0 300
867 12 0 300
868 16 360 540
869 13 0 300
870 20 360 540
871 14 360 540
872 16 360 540
873 14 0 300
874 10 0 300
875 18 0 300
876 18 0 300
877 10 0 300
878 18 0 300
879 19 0 300
880 10 360 540
881 15 360 540
882 11 360 540
883 11 360 540
884 12 360 540
885 13 360 540
886 15 360 540
887 16 0 300
888 10 360 540
889 15 0 300
890 18 0 300
891 12 360 540
892 18 0 300
893 16 360 540
894 10 360 540
895 18 0 300
896 15 0 300
897 10 0 300
898 15 360 540
899 11 360 540
900 13 0 300
901 19 360 540
902 18 360 540
903 13 360 540
904 20 360 540
905 14 360 540
906 16 0 300
907 19 360 540
908 13 0 300
909 19 0 300
910 11 360 540
911 14 0 300
912 19 0 300
913 10 360 540
914 17 0 300
915 20 0 300
916 18 0 300
917 17 360 540
918 15 0 300
919 12 0 300
920 20 360 540
921 18 0 300
922 10 0 300
923 20 0 300
924 14 0 300
925 13 0 300
926 11 360 540
927 16 0 300
928 17 0 300
929 12 360 540
930 11 360 540
931 14 360 540
932 18 0 300
933 16 0 300
934 17 360 540
935 16 0 300
936 12 0 300
937 10 360 540
938 10 360 540
939 12 0 300
940 10 0 300
941 15 0 300
942 11 360 540
943 16 0 300
944 17 360 540
945 20 0 300
946 20 0 300
947 13 360 540
948 17 360 540
949 10 0 300
950 16 0 300
951 14 360 540
952 11 0 300
953 13 0 300
954 20 0 300
955 14 0 300
956 13 360 540
957 17 360 540
958 10 0 300
959 12 360 540
960 20 0 300
961 17 360 540
962 13 360 540
963 14 360 540
964 13 360 540
965 10 0 300
966 20 0 300
967 11 360 540
968 11 0 300
969 17 0 300
970 10 0 300
971 11 360 540
972 16 360 540
973 14 0 300
974 12 0 300
975 19 0 300
976 18 360 540
977 13 360 540
978 12 0 300
979 15 360 540
980 17 0 300
981 15 360 540
982 20 0 300
983 20 0 300
984 12 0 300
985 17 0 300
986 14 360 540
987 16 0 300
988 19 360 540
989 19 360 540
990 12 360 540
991 11 360 540
992 12 0 300
993 14 360 540
994 16 0 300
995 10 0 300
996 10 0 300
997 15 0 300
998 16 360 540
999 12 0 300
