480
0 0 0 0
1 60 240 300
2 16 376 411
3 20 53 82
4 19 297 314
5 20 252 290
6 19 248 261
7 16 435 450
8 11 460 484
9 13 223 236
10 14 423 461
11 17 273 291
12 11 382 423
13 16 34 49
14 13 384 394
15 15 1 11
16 10 195 240
17 16 348 381
18 20 182 215
19 19 53 65
20 14 186 234
21 11 152 165
22 12 312 356
23 12 155 174
24 13 421 450
25 18 288 325
26 10 171 188
27 13 416 463
28 10 303 340
29 17 14 27
30 18 395 433
31 13 253 267
32 20 204 229
33 18 358 392
34 10 398 418
35 13 236 273
36 14 222 263
37 10 257 271
38 19 249 268
39 13 51 72
40 17 177 210
41 17 256 273
42 17 300 331
43 19 38 77
44 11 218 262
45 10 110 158
46 20 408 420
47 15 354 394
48 14 143 193
49 20 51 62
50 16 155 188
51 16 313 355
52 15 374 408
53 18 186 226
54 18 84 119
55 10 180 201
56 18 451 484
57 11 30 75
58 11 373 414
59 13 371 410
60 19 290 314
61 17 248 270
62 12 248 297
63 17 376 412
64 14 295 323
65 19 426 443
66 17 305 315
67 16 314 354
68 17 297 338
69 20 300 346
70 11 318 331
71 17 185 218
72 19 380 429
73 20 369 397
74 12 117 155
75 10 454 464
76 17 34 59
77 13 383 393
78 15 447 460
79 14 245 267
80 14 428 471
81 12 345 393
82 18 173 202
83 11 215 241
84 13 230 277
85 20 27 42
86 11 35 71
87 13 271 286
88 13 343 378
89 19 269 304
90 15 40 60
91 16 428 439
92 15 146 191
93 10 338 383
94 14 117 164
95 19 80 129
96 17 337 371
97 19 326 352
98 17 84 117
99 11 187 216
