540
0 0 0 0
1 60 300 360
2 18 374 392
3 11 258 307
4 11 211 252
5 20 391 434
6 16 309 349
7 16 494 522
8 15 107 132
9 15 294 328
10 10 179 215
11 10 102 120
12 15 403 439
13 15 419 450
14 19 385 402
15 20 213 253
16 19 387 404
17 15 53 75
18 12 134 171
19 14 7 44
20 15 210 253
21 10 336 380
22 17 294 343
23 20 511 560
24 12 200 249
25 19 402 450
26 14 475 512
27 16 188 234
28 18 27 71
29 16 2 28
30 15 89 125
31 11 483 502
32 19 343 377
33 18 137 153
34 15 277 308
35 14 516 548
36 11 156 177
37 16 15 27
38 18 31 70
39 19 488 535
40 15 280 291
41 13 500 550
42 11 263 298
43 11 268 283
44 12 137 160
45 16 215 250
46 17 289 335
47 19 111 144
48 19 505 525
49 14 87 108
