0 1 10
0 2 10
0 3 14
0 4 11
0 5 19
0 6 10
0 7 15
0 8 13
0 9 19
0 10 11
0 11 13
0 12 13
0 13 12
0 14 10
0 15 14
0 16 10
0 17 16
0 18 10
0 19 13
0 20 14
0 21 19
0 22 11
0 23 11
0 24 18
0 25 10
0 26 20
0 27 16
0 28 12
0 29 19
0 30 18
0 31 13
0 32 18
0 33 12
0 34 16
0 35 15
0 36 18
0 37 13
0 38 14
0 39 18
0 40 15
0 41 17
0 42 17
0 43 17
0 44 19
0 45 15
0 46 17
0 47 14
0 48 10
0 49 18
1 2 11
1 3 19
1 4 20
1 5 17
1 6 11
1 7 13
1 8 14
1 9 10
1 10 15
1 11 16
1 12 13
1 13 12
1 14 10
1 15 16
1 16 10
1 17 13
1 18 12
1 19 15
1 20 17
1 21 20
1 22 17
1 23 20
1 24 20
1 25 16
1 26 12
1 27 15
1 28 11
1 29 20
1 30 14
1 31 18
1 32 10
1 33 11
1 34 12
1 35 12
1 36 13
1 37 12
1 38 14
1 39 14
1 40 11
1 41 10
1 42 13
1 43 10
1 44 14
1 45 10
1 46 15
1 47 10
1 48 17
1 49 14
2 3 20
2 4 12
2 5 15
2 6 18
2 7 13
2 8 13
2 9 17
2 10 20
2 11 19
2 12 14
2 13 17
2 14 17
2 15 14
2 16 12
2 17 10
2 18 19
2 19 10
2 20 15
2 21 15
2 22 11
2 23 17
2 24 20
2 25 18
2 26 14
2 27 11
2 28 20
2 29 15
2 30 16
2 31 18
2 32 14
2 33 10
2 34 11
2 35 17
2 36 13
2 37 19
2 38 18
2 39 20
2 40 17
2 41 13
2 42 18
2 43 10
2 44 15
2 45 19
2 46 15
2 47 11
2 48 15
2 49 16
3 4 14
3 5 19
3 6 13
3 7 12
3 8 15
3 9 12
3 10 13
3 11 14
3 12 20
3 13 10
3 14 12
3 15 12
3 16 20
3 17 19
3 18 12
3 19 16
3 20 10
3 21 13
3 22 13
3 23 15
3 24 20
3 25 18
3 26 15
3 27 18
3 28 15
3 29 18
3 30 18
3 31 12
3 32 19
3 33 16
3 34 15
3 35 14
3 36 12
3 37 15
3 38 11
3 39 16
3 40 19
3 41 18
3 42 16
3 43 15
3 44 17
3 45 11
3 46 10
3 47 19
3 48 13
3 49 17
4 5 14
4 6 13
4 7 18
4 8 13
4 9 18
4 10 19
4 11 11
4 12 20
4 13 10
4 14 14
4 15 15
4 16 19
4 17 11
4 18 16
4 19 14
4 20 20
4 21 11
4 22 12
4 23 19
4 24 13
4 25 20
4 26 10
4 27 14
4 28 11
4 29 16
4 30 20
4 31 13
4 32 17
4 33 12
4 34 14
4 35 16
4 36 12
4 37 17
4 38 15
4 39 19
4 40 13
4 41 20
4 42 12
4 43 10
4 44 17
4 45 18
4 46 15
4 47 10
4 48 20
4 49 11
5 6 19
5 7 19
5 8 12
5 9 19
5 10 15
5 11 19
5 12 19
5 13 18
5 14 13
5 15 16
5 16 20
5 17 13
5 18 14
5 19 17
5 20 10
5 21 12
5 22 11
5 23 14
5 24 14
5 25 16
5 26 15
5 27 11
5 28 10
5 29 15
5 30 18
5 31 20
5 32 19
5 33 13
5 34 19
5 35 15
5 36 13
5 37 11
5 38 14
5 39 15
5 40 13
5 41 12
5 42 20
5 43 10
5 44 20
5 45 14
5 46 18
5 47 11
5 48 16
5 49 18
6 7 14
6 8 13
6 9 15
6 10 12
6 11 12
6 12 12
6 13 10
6 14 20
6 15 10
6 16 20
6 17 10
6 18 17
6 19 16
6 20 10
6 21 20
6 22 18
6 23 19
6 24 14
6 25 13
6 26 12
6 27 11
6 28 17
6 29 19
6 30 12
6 31 10
6 32 13
6 33 11
6 34 12
6 35 12
6 36 17
6 37 14
6 38 16
6 39 14
6 40 20
6 41 15
6 42 10
6 43 11
6 44 18
6 45 20
6 46 11
6 47 15
6 48 19
6 49 16
7 8 10
7 9 15
7 10 13
7 11 12
7 12 20
7 13 11
7 14 19
7 15 18
7 16 16
7 17 13
7 18 10
7 19 17
7 20 20
7 21 11
7 22 11
7 23 15
7 24 19
7 25 10
7 26 18
7 27 10
7 28 10
7 29 11
7 30 15
7 31 20
7 32 17
7 33 10
7 34 11
7 35 15
7 36 10
7 37 17
7 38 13
7 39 20
7 40 19
7 41 18
7 42 12
7 43 14
7 44 17
7 45 10
7 46 10
7 47 13
7 48 14
7 49 18
8 9 18
8 10 10
8 11 10
8 12 20
8 13 13
8 14 11
8 15 18
8 16 18
8 17 16
8 18 18
8 19 19
8 20 19
8 21 12
8 22 14
8 23 20
8 24 14
8 25 16
8 26 19
8 27 19
8 28 16
8 29 13
8 30 17
8 31 10
8 32 13
8 33 18
8 34 17
8 35 10
8 36 17
8 37 16
8 38 14
8 39 11
8 40 16
8 41 18
8 42 12
8 43 16
8 44 10
8 45 12
8 46 13
8 47 18
8 48 13
8 49 19
9 10 20
9 11 11
9 12 10
9 13 18
9 14 18
9 15 19
9 16 17
9 17 18
9 18 14
9 19 11
9 20 20
9 21 16
9 22 12
9 23 19
9 24 10
9 25 10
9 26 12
9 27 11
9 28 14
9 29 16
9 30 15
9 31 16
9 32 11
9 33 15
9 34 20
9 35 13
9 36 18
9 37 17
9 38 18
9 39 17
9 40 14
9 41 12
9 42 11
9 43 11
9 44 11
9 45 18
9 46 19
9 47 18
9 48 19
9 49 13
10 11 17
10 12 19
10 13 11
10 14 10
10 15 12
10 16 20
10 17 18
10 18 11
10 19 19
10 20 11
10 21 12
10 22 11
10 23 19
10 24 19
10 25 10
10 26 10
10 27 18
10 28 14
10 29 16
10 30 17
10 31 15
10 32 12
10 33 13
10 34 16
10 35 18
10 36 13
10 37 10
10 38 11
10 39 13
10 40 20
10 41 14
10 42 15
10 43 14
10 44 19
10 45 18
10 46 11
10 47 17
10 48 16
10 49 19
11 12 10
11 13 16
11 14 12
11 15 16
11 16 18
11 17 14
11 18 15
11 19 14
11 20 20
11 21 19
11 22 10
11 23 10
11 24 15
11 25 13
11 26 10
11 27 17
11 28 11
11 29 17
11 30 11
11 31 17
11 32 19
11 33 18
11 34 19
11 35 16
11 36 13
11 37 12
11 38 17
11 39 20
11 40 17
11 41 11
11 42 10
11 43 11
11 44 18
11 45 11
11 46 17
11 47 16
11 48 14
11 49 14
12 13 12
12 14 14
12 15 12
12 16 15
12 17 17
12 18 16
12 19 20
12 20 20
12 21 19
12 22 16
12 23 11
12 24 18
12 25 20
12 26 16
12 27 14
12 28 17
12 29 16
12 30 19
12 31 15
12 32 14
12 33 18
12 34 15
12 35 17
12 36 13
12 37 15
12 38 16
12 39 16
12 40 18
12 41 13
12 42 11
12 43 14
12 44 16
12 45 15
12 46 14
12 47 14
12 48 11
12 49 11
13 14 17
13 15 10
13 16 16
13 17 20
13 18 15
13 19 17
13 20 18
13 21 15
13 22 15
13 23 12
13 24 16
13 25 15
13 26 13
13 27 20
13 28 16
13 29 14
13 30 19
13 31 18
13 32 20
13 33 13
13 34 15
13 35 12
13 36 18
13 37 19
13 38 17
13 39 17
13 40 11
13 41 20
13 42 11
13 43 18
13 44 11
13 45 17
13 46 18
13 47 11
13 48 16
13 49 12
14 15 20
14 16 12
14 17 20
14 18 15
14 19 10
14 20 11
14 21 13
14 22 17
14 23 17
14 24 12
14 25 14
14 26 19
14 27 15
14 28 13
14 29 17
14 30 19
14 31 17
14 32 20
14 33 14
14 34 10
14 35 10
14 36 20
14 37 14
14 38 18
14 39 20
14 40 16
14 41 17
14 42 16
14 43 18
14 44 19
14 45 17
14 46 17
14 47 10
14 48 11
14 49 14
15 16 18
15 17 19
15 18 14
15 19 19
15 20 13
15 21 17
15 22 11
15 23 20
15 24 13
15 25 13
15 26 10
15 27 12
15 28 10
15 29 16
15 30 20
15 31 10
15 32 15
15 33 14
15 34 17
15 35 10
15 36 12
15 37 13
15 38 13
15 39 14
15 40 15
15 41 14
15 42 13
15 43 20
15 44 11
15 45 12
15 46 17
15 47 14
15 48 12
15 49 19
16 17 14
16 18 17
16 19 20
16 20 20
16 21 14
16 22 14
16 23 10
16 24 10
16 25 20
16 26 20
16 27 14
16 28 19
16 29 18
16 30 14
16 31 10
16 32 16
16 33 11
16 34 14
16 35 15
16 36 10
16 37 12
16 38 13
16 39 17
16 40 11
16 41 16
16 42 13
16 43 15
16 44 19
16 45 16
16 46 19
16 47 12
16 48 12
16 49 15
17 18 12
17 19 13
17 20 18
17 21 12
17 22 15
17 23 13
17 24 16
17 25 15
17 26 20
17 27 14
17 28 20
17 29 10
17 30 14
17 31 15
17 32 11
17 33 19
17 34 19
17 35 14
17 36 16
17 37 15
17 38 12
17 39 10
17 40 17
17 41 18
17 42 14
17 43 16
17 44 16
17 45 18
17 46 11
17 47 15
17 48 19
17 49 14
18 19 18
18 20 10
18 21 14
18 22 10
18 23 15
18 24 16
18 25 11
18 26 11
18 27 17
18 28 11
18 29 20
18 30 18
18 31 14
18 32 11
18 33 12
18 34 12
18 35 18
18 36 13
18 37 16
18 38 10
18 39 19
18 40 20
18 41 18
18 42 16
18 43 10
18 44 11
18 45 13
18 46 17
18 47 11
18 48 10
18 49 12
19 20 13
19 21 10
19 22 20
19 23 14
19 24 11
19 25 16
19 26 10
19 27 17
19 28 17
19 29 14
19 30 11
19 31 17
19 32 11
19 33 18
19 34 16
19 35 18
19 36 20
19 37 16
19 38 13
19 39 14
19 40 16
19 41 20
19 42 11
19 43 12
19 44 18
19 45 18
19 46 15
19 47 20
19 48 16
19 49 20
20 21 12
20 22 15
20 23 12
20 24 19
20 25 11
20 26 13
20 27 11
20 28 10
20 29 17
20 30 16
20 31 17
20 32 12
20 33 17
20 34 12
20 35 16
20 36 20
20 37 20
20 38 10
20 39 12
20 40 16
20 41 12
20 42 20
20 43 16
20 44 20
20 45 10
20 46 17
20 47 10
20 48 15
20 49 20
21 22 10
21 23 15
21 24 15
21 25 14
21 26 13
21 27 18
21 28 17
21 29 11
21 30 13
21 31 14
21 32 18
21 33 15
21 34 13
21 35 17
21 36 15
21 37 13
21 38 19
21 39 12
21 40 13
21 41 20
21 42 12
21 43 16
21 44 11
21 45 10
21 46 17
21 47 14
21 48 14
21 49 14
22 23 11
22 24 11
22 25 17
22 26 12
22 27 14
22 28 11
22 29 18
22 30 16
22 31 18
22 32 14
22 33 14
22 34 12
22 35 16
22 36 19
22 37 20
22 38 14
22 39 17
22 40 17
22 41 10
22 42 20
22 43 20
22 44 12
22 45 16
22 46 11
22 47 16
22 48 14
22 49 17
23 24 13
23 25 17
23 26 17
23 27 13
23 28 20
23 29 10
23 30 10
23 31 11
23 32 12
23 33 15
23 34 17
23 35 17
23 36 11
23 37 15
23 38 11
23 39 13
23 40 14
23 41 15
23 42 14
23 43 14
23 44 20
23 45 17
23 46 13
23 47 11
23 48 12
23 49 18
24 25 20
24 26 13
24 27 11
24 28 14
24 29 20
24 30 13
24 31 18
24 32 15
24 33 15
24 34 10
24 35 12
24 36 15
24 37 14
24 38 11
24 39 15
24 40 20
24 41 16
24 42 16
24 43 18
24 44 20
24 45 11
24 46 12
24 47 10
24 48 20
24 49 10
25 26 15
25 27 15
25 28 16
25 29 13
25 30 20
25 31 13
25 32 14
25 33 16
25 34 12
25 35 16
25 36 19
25 37 10
25 38 17
25 39 19
25 40 16
25 41 13
25 42 19
25 43 13
25 44 15
25 45 14
25 46 11
25 47 11
25 48 20
25 49 16
26 27 20
26 28 11
26 29 14
26 30 10
26 31 18
26 32 14
26 33 18
26 34 16
26 35 17
26 36 14
26 37 17
26 38 18
26 39 17
26 40 11
26 41 12
26 42 18
26 43 19
26 44 13
26 45 14
26 46 14
26 47 16
26 48 12
26 49 13
27 28 20
27 29 16
27 30 18
27 31 12
27 32 16
27 33 14
27 34 16
27 35 11
27 36 15
27 37 10
27 38 11
27 39 17
27 40 18
27 41 17
27 42 14
27 43 15
27 44 12
27 45 13
27 46 12
27 47 12
27 48 19
27 49 11
28 29 12
28 30 11
28 31 16
28 32 14
28 33 18
28 34 20
28 35 10
28 36 20
28 37 16
28 38 17
28 39 19
28 40 20
28 41 17
28 42 12
28 43 19
28 44 13
28 45 12
28 46 14
28 47 16
28 48 20
28 49 15
29 30 13
29 31 18
29 32 20
29 33 17
29 34 19
29 35 14
29 36 13
29 37 13
29 38 17
29 39 16
29 40 10
29 41 18
29 42 17
29 43 18
29 44 20
29 45 17
29 46 10
29 47 10
29 48 20
29 49 10
30 31 10
30 32 17
30 33 11
30 34 13
30 35 12
30 36 12
30 37 12
30 38 12
30 39 10
30 40 10
30 41 12
30 42 13
30 43 11
30 44 11
30 45 20
30 46 18
30 47 16
30 48 17
30 49 12
31 32 14
31 33 15
31 34 17
31 35 13
31 36 19
31 37 19
31 38 11
31 39 14
31 40 15
31 41 19
31 42 11
31 43 12
31 44 11
31 45 19
31 46 12
31 47 16
31 48 11
31 49 12
32 33 17
32 34 14
32 35 13
32 36 19
32 37 12
32 38 20
32 39 10
32 40 10
32 41 18
32 42 13
32 43 18
32 44 17
32 45 17
32 46 15
32 47 12
32 48 19
32 49 20
33 34 19
33 35 12
33 36 14
33 37 10
33 38 18
33 39 10
33 40 11
33 41 19
33 42 14
33 43 15
33 44 17
33 45 17
33 46 10
33 47 16
33 48 17
33 49 20
34 35 18
34 36 11
34 37 20
34 38 19
34 39 16
34 40 16
34 41 16
34 42 17
34 43 19
34 44 10
34 45 20
34 46 14
34 47 19
34 48 13
34 49 15
35 36 12
35 37 17
35 38 18
35 39 15
35 40 11
35 41 15
35 42 11
35 43 20
35 44 16
35 45 15
35 46 16
35 47 13
35 48 18
35 49 19
36 37 19
36 38 16
36 39 19
36 40 16
36 41 13
36 42 12
36 43 12
36 44 17
36 45 13
36 46 11
36 47 19
36 48 12
36 49 14
37 38 17
37 39 13
37 40 15
37 41 20
37 42 17
37 43 13
37 44 19
37 45 16
37 46 18
37 47 17
37 48 11
37 49 17
38 39 11
38 40 19
38 41 11
38 42 17
38 43 15
38 44 20
38 45 19
38 46 13
38 47 18
38 48 10
38 49 16
39 40 19
39 41 20
39 42 13
39 43 13
39 44 17
39 45 13
39 46 12
39 47 20
39 48 16
39 49 10
40 41 15
40 42 14
40 43 18
40 44 16
40 45 12
40 46 19
40 47 13
40 48 17
40 49 12
41 42 10
41 43 12
41 44 17
41 45 15
41 46 17
41 47 11
41 48 12
41 49 10
42 43 13
42 44 12
42 45 20
42 46 18
42 47 18
42 48 10
42 49 15
43 44 10
43 45 17
43 46 14
43 47 11
43 48 13
43 49 13
44 45 20
44 46 10
44 47 19
44 48 20
44 49 19
45 46 12
45 47 19
45 48 14
45 49 19
46 47 11
46 48 20
46 49 19
47 48 18
47 49 19
48 49 16
