540
0 0 0 0
1 60 300 360
2 18 0 540
3 11 0 540
4 11 0 540
5 20 0 540
6 16 0 540
7 16 0 540
8 15 0 540
9 15 0 540
10 10 0 540
11 10 0 540
12 15 0 540
13 15 0 540
14 19 0 540
15 20 0 540
16 19 0 540
17 15 0 540
18 12 0 540
19 14 0 540
20 15 0 540
21 10 0 540
22 17 0 540
23 20 0 540
24 12 0 540
25 19 0 540
26 14 0 540
27 16 0 540
28 18 0 540
29 16 0 540
30 15 0 540
31 11 0 540
32 19 0 540
33 18 0 540
34 15 0 540
35 14 0 540
36 11 0 540
37 16 0 540
38 18 0 540
39 19 0 540
40 15 0 540
41 13 0 540
42 11 0 540
43 11 0 540
44 12 0 540
45 16 0 540
46 17 0 540
47 19 0 540
48 19 0 540
49 14 0 540
