480
0 0 0 0
1 60 240 300
2 16 0 480
3 20 0 480
4 19 0 480
5 20 0 480
6 19 0 480
7 16 0 480
8 11 0 480
9 13 0 480
10 14 0 480
11 17 0 480
12 11 0 480
13 16 0 480
14 13 0 480
15 15 0 480
16 10 0 480
17 16 0 480
18 20 0 480
19 19 0 480
20 14 0 480
21 11 0 480
22 12 0 480
23 12 0 480
24 13 0 480
25 18 0 480
26 10 0 480
27 13 0 480
28 10 0 480
29 17 0 480
30 18 0 480
31 13 0 480
32 20 0 480
33 18 0 480
34 10 0 480
35 13 0 480
36 14 0 480
37 10 0 480
38 19 0 480
39 13 0 480
40 17 0 480
41 17 0 480
42 17 0 480
43 19 0 480
44 11 0 480
45 10 0 480
46 20 0 480
47 15 0 480
48 14 0 480
49 20 0 480
50 16 0 480
51 16 0 480
52 15 0 480
53 18 0 480
54 18 0 480
55 10 0 480
56 18 0 480
57 11 0 480
58 11 0 480
59 13 0 480
60 19 0 480
61 17 0 480
62 12 0 480
63 17 0 480
64 14 0 480
65 19 0 480
66 17 0 480
67 16 0 480
68 17 0 480
69 20 0 480
70 11 0 480
71 17 0 480
72 19 0 480
73 20 0 480
74 12 0 480
75 10 0 480
76 17 0 480
77 13 0 480
78 15 0 480
79 14 0 480
80 14 0 480
81 12 0 480
82 18 0 480
83 11 0 480
84 13 0 480
85 20 0 480
86 11 0 480
87 13 0 480
88 13 0 480
89 19 0 480
90 15 0 480
91 16 0 480
92 15 0 480
93 10 0 480
94 14 0 480
95 19 0 480
96 17 0 480
97 19 0 480
98 17 0 480
99 11 0 480
