480
0 0 0 0
1 60 240 300
2 10 279 321
3 14 122 153
4 13 123 139
5 20 313 343
6 15 358 370
7 19 354 365
8 11 16 33
9 18 276 287
10 11 439 451
11 17 177 223
12 20 87 135
13 17 294 321
14 17 173 196
15 20 72 91
16 14 313 343
17 16 240 278
18 15 46 61
19 20 156 173
20 12 148 172
21 14 250 283
22 10 76 112
23 12 70 104
24 10 312 342
25 10 314 337
26 10 375 396
27 11 29 48
28 16 60 72
29 11 60 74
30 20 35 82
31 18 176 210
32 12 432 459
33 19 206 232
34 20 394 427
35 18 205 220
36 10 442 480
37 13 410 443
38 16 124 139
39 18 59 86
40 11 73 110
41 20 94 140
42 11 260 301
43 11 190 232
44 10 131 154
45 14 431 474
46 17 219 242
47 18 19 41
48 17 405 421
49 11 174 222
50 13 445 462
51 19 31 61
52 18 288 316
53 13 431 477
54 18 94 129
55 16 317 329
56 17 32 79
57 14 373 419
58 14 356 369
59 14 454 484
60 17 166 194
61 16 174 212
62 17 295 315
63 17 18 32
64 20 247 264
65 14 130 164
66 18 301 350
67 18 251 292
68 18 427 477
69 12 94 114
70 15 103 143
71 12 427 460
72 19 383 417
73 19 346 390
74 12 185 230
75 11 298 311
76 18 193 216
77 10 333 368
78 13 443 455
79 17 207 254
80 15 220 236
81 12 81 115
82 13 127 158
83 15 308 354
84 16 171 207
85 15 81 119
86 12 6 42
87 16 309 350
88 10 134 173
89 10 53 96
90 13 295 309
91 19 304 334
92 20 98 110
93 15 15 34
94 19 152 164
95 18 15 34
96 12 16 48
97 17 440 488
98 14 0 41
99 19 252 271
100 11 454 483
101 12 375 405
102 16 64 110
103 18 343 386
104 10 201 243
105 10 177 223
106 18 335 375
107 15 115 158
108 13 108 130
109 11 371 392
110 19 226 273
111 14 16 37
112 19 229 263
113 12 429 476
114 14 201 250
115 12 414 432
116 11 40 89
117 16 349 395
118 16 136 167
119 18 451 480
120 13 103 142
121 14 29 73
122 19 337 359
123 13 437 447
124 20 118 156
125 18 156 174
126 15 459 500
127 10 102 116
128 15 34 80
129 12 217 260
130 20 165 184
131 17 175 185
132 18 66 106
133 13 231 263
134 18 132 142
135 12 398 426
136 15 363 395
137 12 100 119
138 16 28 72
139 14 412 426
140 12 23 44
141 12 128 167
142 13 137 148
143 13 346 368
144 20 262 293
145 12 90 135
146 16 179 218
147 16 368 395
148 10 301 326
149 15 61 97
150 17 366 391
151 13 258 307
152 14 317 364
153 10 251 273
154 17 53 72
155 12 273 292
156 13 59 101
157 17 198 211
158 10 334 365
159 20 230 268
160 15 313 351
161 12 349 384
162 14 146 186
163 17 429 448
164 20 399 436
165 18 9 43
166 17 99 116
167 12 427 445
168 19 146 187
169 20 45 87
170 11 343 361
171 14 187 228
172 11 447 463
173 19 292 322
174 20 4 15
175 13 185 228
176 12 402 414
177 14 148 190
178 10 182 204
179 14 452 463
180 18 456 505
181 19 330 341
182 14 453 495
183 11 68 101
184 17 117 162
185 19 339 373
186 12 418 430
187 11 249 263
188 19 410 444
189 14 18 32
190 13 175 198
191 11 168 205
192 12 79 91
193 10 26 62
194 18 113 141
195 10 193 210
196 14 294 316
197 19 81 125
198 15 215 250
199 10 165 189
200 10 287 303
201 11 333 378
202 16 293 315
203 20 186 208
204 11 234 267
205 15 321 346
206 20 370 383
207 14 311 349
208 18 69 85
209 17 286 305
210 16 374 415
211 11 26 48
212 10 440 455
213 15 310 331
214 19 356 377
215 20 54 97
216 11 303 339
217 12 431 471
218 11 215 259
219 19 388 399
220 14 422 468
221 16 35 84
222 16 427 465
223 19 253 269
224 12 321 370
225 13 401 445
226 20 35 54
227 14 386 433
228 12 17 31
229 14 148 165
230 13 203 233
231 19 315 345
232 12 20 32
233 20 436 472
234 18 384 398
235 12 415 438
236 13 70 105
237 14 177 206
238 15 320 368
239 18 359 381
240 10 432 470
241 13 234 272
242 11 363 406
243 15 291 328
244 13 278 305
245 15 422 446
246 12 130 160
247 19 34 44
248 17 140 156
249 10 149 191
250 14 21 70
251 10 181 199
252 14 419 441
253 12 233 271
254 11 445 463
255 13 179 213
256 11 190 206
257 19 223 270
258 11 158 169
259 16 179 207
260 12 96 120
261 10 77 95
262 16 405 442
263 14 376 418
264 10 331 352
265 18 286 325
266 10 3 27
267 15 372 396
268 19 359 387
269 10 256 288
270 12 328 338
271 15 237 267
272 12 192 223
273 18 116 151
274 19 418 468
275 17 246 260
276 15 8 21
277 20 163 191
278 14 211 239
279 17 70 81
280 10 348 363
281 14 280 299
282 16 440 471
283 12 122 170
284 17 393 416
285 20 156 180
286 18 66 97
287 14 92 136
288 18 33 55
289 17 398 414
290 19 442 468
291 12 243 288
292 11 195 231
293 20 453 477
294 13 430 440
295 17 208 234
296 16 268 287
297 16 208 250
298 14 403 413
299 15 232 248
