540
0 0 0 0
1 60 300 360
2 11 0 300
3 18 360 540
4 11 0 300
5 11 0 300
6 20 360 540
7 16 0 300
8 16 360 540
9 15 360 540
10 15 360 540
11 10 360 540
12 10 360 540
13 15 360 540
14 15 0 300
15 19 0 300
16 20 0 300
17 19 360 540
18 15 360 540
19 12 0 300
20 14 360 540
21 15 0 300
22 10 0 300
23 17 360 540
24 20 360 540
25 12 360 540
26 19 360 540
27 14 360 540
28 16 0 300
29 18 0 300
30 16 360 540
31 15 360 540
32 11 0 300
33 19 0 300
34 18 0 300
35 15 0 300
36 14 360 540
37 11 0 300
38 16 360 540
39 18 0 300
40 19 360 540
41 15 360 540
42 13 360 540
43 11 360 540
44 11 360 540
45 12 360 540
46 16 360 540
47 17 0 300
48 19 360 540
49 19 360 540
