480
0 0 0 0
1 60 240 300
2 14 0 480
3 18 0 480
4 17 0 480
5 17 0 480
6 18 0 480
7 12 0 480
8 16 0 480
9 17 0 480
10 20 0 480
11 13 0 480
12 12 0 480
13 12 0 480
14 15 0 480
15 14 0 480
16 14 0 480
17 10 0 480
18 16 0 480
19 11 0 480
20 13 0 480
21 16 0 480
22 18 0 480
23 19 0 480
24 19 0 480
25 14 0 480
26 17 0 480
27 18 0 480
28 18 0 480
29 18 0 480
30 16 0 480
31 16 0 480
32 18 0 480
33 10 0 480
34 15 0 480
35 16 0 480
36 15 0 480
37 11 0 480
38 11 0 480
39 14 0 480
40 13 0 480
41 18 0 480
42 12 0 480
43 14 0 480
44 18 0 480
45 11 0 480
46 10 0 480
47 11 0 480
48 20 0 480
49 19 0 480
50 10 0 480
51 20 0 480
52 18 0 480
53 17 0 480
54 19 0 480
55 20 0 480
56 16 0 480
57 20 0 480
58 10 0 480
59 15 0 480
60 11 0 480
61 13 0 480
62 10 0 480
63 12 0 480
64 20 0 480
65 17 0 480
66 15 0 480
67 15 0 480
68 10 0 480
69 20 0 480
70 18 0 480
71 19 0 480
72 18 0 480
73 10 0 480
74 11 0 480
75 12 0 480
76 13 0 480
77 12 0 480
78 17 0 480
79 20 0 480
80 20 0 480
81 14 0 480
82 11 0 480
83 20 0 480
84 11 0 480
85 19 0 480
86 10 0 480
87 18 0 480
88 11 0 480
89 10 0 480
90 13 0 480
91 11 0 480
92 14 0 480
93 10 0 480
94 17 0 480
95 19 0 480
96 19 0 480
97 11 0 480
98 11 0 480
99 16 0 480
100 18 0 480
101 14 0 480
102 16 0 480
103 17 0 480
104 13 0 480
105 10 0 480
106 10 0 480
107 13 0 480
108 14 0 480
109 18 0 480
110 10 0 480
111 17 0 480
112 19 0 480
113 18 0 480
114 17 0 480
115 13 0 480
116 20 0 480
117 11 0 480
118 16 0 480
119 17 0 480
120 20 0 480
121 12 0 480
122 13 0 480
123 17 0 480
124 15 0 480
125 11 0 480
126 15 0 480
127 20 0 480
128 15 0 480
129 12 0 480
130 13 0 480
131 16 0 480
132 19 0 480
133 13 0 480
134 18 0 480
135 16 0 480
136 14 0 480
137 18 0 480
138 19 0 480
139 19 0 480
140 17 0 480
141 20 0 480
142 13 0 480
143 17 0 480
144 17 0 480
145 11 0 480
146 17 0 480
147 19 0 480
148 15 0 480
149 16 0 480
150 16 0 480
151 13 0 480
152 14 0 480
153 13 0 480
154 10 0 480
155 16 0 480
156 18 0 480
157 20 0 480
158 16 0 480
159 17 0 480
160 13 0 480
161 15 0 480
162 12 0 480
163 11 0 480
164 16 0 480
165 20 0 480
166 15 0 480
167 19 0 480
168 19 0 480
169 13 0 480
170 14 0 480
171 14 0 480
172 14 0 480
173 10 0 480
174 18 0 480
175 13 0 480
176 19 0 480
177 11 0 480
178 15 0 480
179 15 0 480
180 18 0 480
181 11 0 480
182 19 0 480
183 11 0 480
184 10 0 480
185 13 0 480
186 18 0 480
187 12 0 480
188 19 0 480
189 13 0 480
190 12 0 480
191 18 0 480
192 15 0 480
193 12 0 480
194 15 0 480
195 13 0 480
196 12 0 480
197 16 0 480
198 11 0 480
199 13 0 480
