540
0 0 0 0
1 60 300 360
2 17 117 148
3 16 391 434
4 12 462 477
5 19 247 280
6 19 508 550
7 17 457 484
8 19 387 411
9 19 245 277
10 16 28 74
11 14 42 87
12 15 422 468
13 19 60 87
14 11 359 408
15 19 254 283
16 19 237 275
17 16 312 334
18 17 170 197
19 19 256 270
20 11 235 269
21 14 485 514
22 18 54 97
23 18 236 248
24 17 180 191
25 11 270 316
26 18 75 119
27 18 474 507
28 13 52 86
29 12 107 142
30 17 76 124
31 11 137 171
32 15 149 199
33 10 504 523
34 16 297 337
35 16 99 140
36 17 430 442
37 19 241 285
38 19 499 544
39 16 301 342
40 10 419 443
41 17 489 501
42 13 421 450
43 19 37 80
44 10 346 385
45 16 490 517
46 10 186 201
47 20 85 126
48 13 506 522
49 13 131 162
50 19 514 528
51 15 182 222
52 11 491 519
53 17 311 334
54 10 365 375
55 19 408 418
56 20 312 351
57 19 319 342
58 10 200 249
59 13 329 343
60 20 51 69
61 10 519 551
62 18 343 380
63 17 92 136
64 15 297 317
65 18 272 295
66 16 150 184
67 12 157 170
68 16 115 131
69 20 177 204
70 11 283 324
71 10 112 159
72 11 482 495
73 15 59 75
74 13 82 110
75 16 408 454
76 17 77 123
77 14 121 159
78 11 249 277
79 20 41 66
80 12 147 189
81 19 105 123
82 17 294 324
83 14 108 139
84 13 12 22
85 16 412 446
86 19 350 386
87 14 325 343
88 15 330 357
89 20 106 122
90 16 442 474
91 13 164 181
92 12 249 271
93 17 164 183
94 10 318 347
95 20 83 117
96 12 123 149
97 18 209 257
98 13 337 374
99 11 498 536
100 14 399 422
101 12 312 339
102 14 178 207
103 20 369 400
104 12 384 432
105 12 490 535
106 16 520 555
107 15 430 467
108 15 400 441
109 17 487 531
110 18 176 206
111 14 428 469
112 10 1 24
113 10 437 454
114 18 48 90
115 19 401 430
116 14 213 263
117 14 354 369
118 17 34 63
119 18 239 252
120 11 269 288
121 14 287 316
122 16 438 467
123 15 334 353
124 19 58 90
125 15 154 181
126 16 63 86
127 19 143 170
128 11 387 434
129 12 371 396
130 19 56 86
131 14 214 263
132 16 167 205
133 12 165 177
134 18 222 247
135 12 125 161
136 17 468 504
137 19 437 482
138 15 280 292
139 11 170 204
140 15 507 532
141 10 123 157
142 18 481 497
143 13 254 303
144 15 203 227
145 15 85 122
146 19 103 141
147 14 8 24
148 15 461 486
149 17 178 220
150 10 70 116
151 16 165 207
152 11 94 132
153 17 425 475
154 10 13 53
155 12 257 277
156 12 365 386
157 11 183 226
158 18 104 137
159 17 177 221
160 15 128 175
161 16 17 36
162 13 262 274
163 14 338 363
164 13 465 478
165 16 198 239
166 14 210 259
167 17 408 452
168 11 465 515
169 19 41 66
170 18 180 213
171 16 295 317
172 20 260 290
173 12 184 204
174 15 483 504
175 16 124 136
176 12 289 307
177 16 496 532
178 11 253 298
179 13 242 261
180 16 401 442
181 20 167 205
182 18 34 54
183 16 248 259
184 18 276 309
185 15 23 55
186 13 420 458
187 12 409 440
188 20 103 117
189 12 397 443
190 17 90 120
191 13 139 163
192 11 74 107
193 11 441 467
194 15 98 120
195 19 199 241
196 12 185 227
197 11 18 41
198 18 129 150
199 16 376 413
200 11 289 323
201 12 305 350
202 13 127 170
203 17 319 335
204 14 114 142
205 10 70 102
206 18 130 161
207 19 79 115
208 14 395 444
209 16 226 243
210 18 19 37
211 18 447 472
212 19 417 453
213 15 47 81
214 18 274 307
215 16 190 216
216 15 187 214
217 12 172 187
218 10 334 353
219 10 257 268
220 20 274 298
221 11 222 264
222 11 224 255
223 17 208 256
224 18 337 351
225 14 340 381
226 12 148 172
227 17 331 371
228 11 482 506
229 20 221 263
230 12 428 452
231 19 376 412
232 20 387 420
233 18 430 476
234 18 486 525
235 18 271 298
236 20 52 68
237 18 73 99
238 14 261 305
239 20 333 343
240 17 30 78
241 10 363 409
242 14 198 243
243 10 12 37
244 17 353 387
245 17 429 477
246 18 198 230
247 16 70 117
248 14 484 504
249 16 102 119
250 20 33 76
251 14 78 111
252 14 424 455
253 19 57 103
254 16 161 173
255 20 32 74
256 16 426 465
257 10 59 99
258 10 73 117
259 15 96 142
260 16 420 465
261 15 407 448
262 15 479 504
263 16 277 304
264 11 34 84
265 20 151 175
266 16 423 435
267 12 407 449
268 20 66 83
269 12 370 381
270 12 184 225
271 17 202 245
272 18 362 372
273 13 345 359
274 20 96 110
275 17 451 496
276 19 353 392
277 19 195 232
278 20 119 133
279 20 311 321
280 12 251 272
281 18 255 267
282 14 348 359
283 17 293 332
284 12 492 518
285 14 62 98
286 18 377 389
287 11 235 256
288 15 386 409
289 11 48 81
290 14 393 424
291 16 233 276
292 14 435 483
293 20 340 355
294 17 15 57
295 11 71 113
296 14 319 365
297 11 147 183
298 15 197 236
299 19 358 385
300 17 262 311
301 15 331 348
302 13 294 310
303 16 397 445
304 11 313 357
305 11 463 507
306 20 143 186
307 15 420 444
308 19 461 509
309 14 377 405
310 11 323 372
311 17 108 150
312 20 69 79
313 20 23 52
314 12 446 461
315 13 14 41
316 19 316 340
317 19 59 100
318 16 166 186
319 17 149 198
320 10 116 137
321 13 199 226
322 10 150 176
323 20 385 407
324 16 15 33
325 13 99 142
326 12 243 276
327 18 356 371
328 11 131 174
329 12 133 174
330 15 44 73
331 16 458 496
332 11 175 206
333 13 183 213
334 13 329 374
335 18 348 374
336 15 518 536
337 19 481 513
338 18 353 363
339 11 445 487
340 17 352 394
341 13 248 298
342 15 231 244
343 14 144 171
344 13 77 120
345 13 310 345
346 10 315 337
347 12 459 470
348 18 275 314
349 12 249 267
350 10 256 300
351 14 311 329
352 18 51 91
353 12 136 157
354 18 177 191
355 18 490 502
356 11 210 241
357 13 518 552
358 17 357 390
359 10 340 385
360 10 474 505
361 14 248 281
362 13 104 139
363 14 17 32
364 10 233 243
365 11 363 401
366 20 360 381
367 11 168 214
368 13 353 399
369 11 15 29
370 15 139 159
371 19 161 188
372 19 74 119
373 15 379 415
374 11 97 139
375 16 508 537
376 15 226 238
377 16 16 43
378 14 268 284
379 20 390 430
380 16 51 84
381 20 4 19
382 18 464 488
383 18 396 423
384 17 451 481
385 13 79 106
386 11 21 60
387 17 64 99
388 18 197 246
389 15 226 259
390 16 19 44
391 16 363 386
392 17 310 327
393 16 1 25
394 17 39 59
395 12 360 402
396 19 116 133
397 18 230 240
398 18 335 360
399 11 329 374
400 19 168 213
401 13 396 430
402 16 350 366
403 11 41 62
404 13 192 241
405 12 446 484
406 15 54 71
407 19 202 226
408 19 512 547
409 19 416 450
410 10 277 308
411 18 2 14
412 11 419 457
413 14 147 190
414 14 476 497
415 15 358 400
416 14 398 448
417 17 42 80
418 20 514 532
419 11 405 440
420 13 177 216
421 20 431 469
422 10 136 158
423 19 354 403
424 12 73 102
425 13 112 134
426 11 108 119
427 11 81 109
428 10 454 470
429 12 448 466
430 10 135 172
431 11 509 545
432 11 187 220
433 19 355 397
434 17 62 81
435 12 514 531
436 14 476 518
437 10 390 413
438 15 29 53
439 15 45 73
440 20 260 271
441 20 381 418
442 11 404 453
443 10 510 540
444 14 288 301
445 10 494 523
446 14 224 271
447 10 165 199
448 11 443 462
449 15 214 240
450 19 291 339
451 15 125 170
452 15 514 560
453 14 457 498
454 19 209 247
455 16 49 74
456 14 455 477
457 17 76 107
458 16 220 239
459 17 73 123
460 16 241 260
461 16 366 377
462 18 219 235
463 12 31 56
464 10 500 523
465 10 127 165
466 19 292 331
467 18 255 280
468 15 352 376
469 13 51 89
470 13 347 365
471 18 184 213
472 15 485 515
473 19 494 511
474 20 259 294
475 15 467 478
476 20 82 115
477 12 229 255
478 17 36 54
479 16 425 464
480 13 118 161
481 20 38 75
482 14 391 430
483 13 297 316
484 11 24 73
485 17 175 197
486 18 158 191
487 20 356 374
488 16 57 78
489 15 405 452
490 13 53 93
491 15 80 130
492 15 232 257
493 17 82 96
494 15 417 438
495 12 510 559
496 13 351 395
497 15 90 135
498 17 168 179
499 15 1 27
500 17 438 458
501 14 246 290
502 13 55 72
503 11 494 523
504 10 374 403
505 19 94 143
506 19 280 328
507 20 165 180
508 13 497 511
509 17 160 191
510 11 343 380
511 11 306 347
512 14 140 170
513 10 310 357
514 10 152 201
515 18 288 323
516 14 352 377
517 15 349 394
518 18 451 490
519 16 162 172
520 12 86 129
521 11 281 326
522 12 214 229
523 14 314 359
524 17 274 303
525 12 147 172
526 18 409 444
527 16 446 458
528 19 408 445
529 12 169 189
530 15 183 223
531 19 348 377
532 15 303 347
533 13 125 136
534 12 205 215
535 18 61 91
536 14 246 287
537 17 293 329
538 15 4 31
539 13 511 553
540 19 459 472
541 14 281 331
542 19 326 336
543 10 397 417
544 11 319 334
545 12 416 456
546 18 41 66
547 10 510 528
548 16 401 425
549 14 60 91
550 16 329 349
551 12 448 464
552 14 348 383
553 12 133 146
554 15 353 365
555 17 48 74
556 11 150 190
557 16 451 491
558 17 243 258
559 15 492 522
560 16 38 79
561 19 265 314
562 13 298 316
563 17 252 280
564 10 139 153
565 12 75 88
566 20 242 277
567 12 335 366
568 12 511 538
569 20 259 276
570 20 479 525
571 16 195 219
572 15 163 194
573 12 355 377
574 19 283 320
575 18 35 51
576 10 372 384
577 13 195 243
578 16 303 346
579 12 139 185
580 13 170 212
581 15 487 523
582 20 7 54
583 14 117 147
584 19 470 492
585 16 241 278
586 13 281 316
587 19 11 57
588 19 328 372
589 12 364 410
590 12 55 68
591 12 511 547
592 13 150 168
593 19 448 490
594 12 3 31
595 20 499 513
596 16 475 502
597 19 3 30
598 15 417 434
599 20 441 475
600 16 497 516
601 15 324 362
602 20 182 218
603 17 36 54
604 19 469 481
605 20 295 327
606 18 161 211
607 14 510 526
608 20 353 373
609 18 437 458
610 12 195 213
611 12 436 473
612 11 92 138
613 14 54 96
614 19 385 411
615 12 76 88
616 18 337 375
617 10 317 366
618 19 469 518
619 16 394 426
620 10 87 132
621 19 292 323
622 16 213 243
623 20 449 487
624 12 361 373
625 20 138 154
626 13 418 451
627 20 513 543
628 19 156 168
629 12 367 380
630 17 232 277
631 15 255 272
632 13 203 226
633 16 74 120
634 15 94 139
635 10 41 83
636 11 500 517
637 13 429 470
638 11 237 275
639 17 315 326
640 20 47 87
641 13 268 303
642 20 466 484
643 20 25 49
644 11 280 295
645 10 19 46
646 12 233 255
647 17 330 363
648 10 82 126
649 10 263 275
650 20 272 315
651 18 193 243
652 15 392 417
653 15 81 91
654 20 451 461
655 15 182 215
656 10 198 224
657 11 330 349
658 13 173 209
659 12 502 513
660 14 111 138
661 13 428 451
662 11 111 133
663 11 148 173
664 10 291 312
665 12 275 313
666 13 457 484
667 14 278 305
668 14 496 541
669 12 270 312
670 12 70 88
671 11 103 113
672 10 363 385
673 12 138 184
674 11 37 62
675 10 224 254
676 13 53 73
677 14 186 227
678 10 225 266
679 14 279 328
680 18 391 432
681 16 260 271
682 11 211 229
683 10 91 106
684 17 146 166
685 14 477 490
686 17 112 135
687 13 487 532
688 19 147 187
689 20 294 327
690 20 369 404
691 13 152 200
692 18 474 507
693 17 242 270
694 19 510 552
695 17 250 294
696 12 42 80
697 11 111 151
698 20 413 458
699 15 362 388
700 14 506 523
701 10 132 156
702 14 259 296
703 10 220 232
704 11 382 416
705 14 334 377
706 17 122 137
707 13 349 399
708 19 411 428
709 17 266 297
710 12 503 549
711 17 407 433
712 18 432 461
713 13 203 232
714 12 30 70
715 10 300 327
716 11 220 257
717 20 386 417
718 11 145 181
719 10 469 502
720 20 342 359
721 20 518 562
722 12 305 347
723 11 135 178
724 13 168 178
725 15 116 143
726 10 28 42
727 18 488 500
728 14 216 263
729 18 469 500
730 19 462 500
731 18 398 419
732 19 82 110
733 12 331 355
734 15 287 316
735 14 127 155
736 14 388 438
737 16 124 164
738 20 294 321
739 13 21 55
740 10 70 120
741 19 386 405
742 14 5 33
743 18 419 465
744 16 253 273
745 16 78 109
746 10 292 326
747 10 42 91
748 11 503 520
749 16 113 157
750 14 238 282
751 15 471 511
752 12 452 488
753 16 401 436
754 10 71 119
755 10 99 128
756 17 410 457
757 15 61 86
758 19 218 255
759 14 205 231
760 16 51 85
761 16 31 57
762 14 451 461
763 20 391 420
764 16 31 57
765 18 360 408
766 12 304 330
767 20 418 435
768 19 246 285
769 15 477 527
770 10 57 103
771 18 303 319
772 18 248 277
773 16 20 64
774 12 434 445
775 11 12 37
776 16 8 45
777 11 35 79
778 11 290 339
779 19 169 189
780 15 180 230
781 13 77 97
782 20 41 59
783 20 385 407
784 17 498 525
785 20 389 417
786 10 365 394
787 11 332 361
788 16 145 159
789 15 393 442
790 18 207 252
791 10 478 516
792 19 353 369
793 19 318 352
794 14 470 490
795 18 242 282
796 11 66 114
797 17 286 309
798 19 443 474
799 17 374 412
800 17 274 317
801 13 291 305
802 20 333 370
803 19 197 220
804 12 274 285
805 18 50 100
806 13 329 350
807 16 467 490
808 16 14 58
809 12 52 67
810 11 464 496
811 12 402 436
812 19 473 521
813 11 162 196
814 10 133 143
815 17 403 438
816 10 113 151
817 11 475 523
818 12 355 399
819 14 212 252
820 19 17 49
821 18 409 443
822 12 9 55
823 17 488 529
824 11 457 501
825 14 292 311
826 19 290 314
827 16 497 518
828 15 316 328
829 13 162 209
830 11 497 542
831 12 39 55
832 14 427 459
833 11 451 473
834 19 296 346
835 14 148 167
836 16 391 425
837 14 134 159
838 11 433 460
839 16 95 109
840 10 363 382
841 20 113 151
842 15 33 65
843 17 149 168
844 19 469 504
845 16 397 424
846 20 165 189
847 10 122 150
848 18 403 428
849 14 96 123
850 11 363 373
851 12 185 195
852 10 478 515
853 16 496 521
854 16 40 78
855 20 144 191
856 19 438 484
857 18 47 66
858 18 504 554
859 19 191 222
860 14 284 304
861 12 80 128
862 15 180 223
863 13 213 247
864 16 288 306
865 13 495 523
866 12 340 361
867 12 170 207
868 16 346 372
869 13 82 104
870 20 39 49
871 14 147 196
872 16 368 393
873 14 377 407
874 10 29 47
875 18 406 428
876 18 218 236
877 10 349 376
878 18 62 76
879 19 305 327
880 10 282 302
881 15 258 302
882 11 1 34
883 11 10 58
884 12 82 96
885 13 111 157
886 15 366 387
887 16 397 424
888 10 25 69
889 15 355 399
890 18 305 342
891 12 80 98
892 18 300 327
893 16 256 268
894 10 58 80
895 18 209 252
896 15 512 523
897 10 305 348
898 15 490 522
899 11 482 509
900 13 315 351
901 19 440 489
902 18 429 442
903 13 125 148
904 20 515 554
905 14 335 355
906 16 149 175
907 19 175 204
908 13 368 382
909 19 346 368
910 11 513 525
911 14 219 260
912 19 369 408
913 10 135 166
914 17 40 67
915 20 9 32
916 18 129 176
917 17 31 74
918 15 187 199
919 12 263 280
920 20 111 130
921 18 361 396
922 10 274 302
923 20 359 392
924 14 508 556
925 13 470 485
926 11 399 436
927 16 115 130
928 17 239 264
929 12 405 432
930 11 385 418
931 14 95 121
932 18 489 512
933 16 68 109
934 17 305 329
935 16 49 89
936 12 91 101
937 10 238 272
938 10 416 449
939 12 130 161
940 10 395 410
941 15 498 512
942 11 396 442
943 16 102 138
944 17 240 250
945 20 193 232
946 20 219 257
947 13 80 95
948 17 180 211
949 10 198 222
950 16 197 242
951 14 404 435
952 11 137 184
953 13 482 497
954 20 515 539
955 14 104 139
956 13 136 163
957 17 16 41
958 10 400 445
959 12 301 323
960 20 5 33
961 17 87 110
962 13 210 224
963 14 343 378
964 13 435 445
965 10 234 284
966 20 393 426
967 11 169 213
968 11 111 132
969 17 270 295
970 10 362 386
971 11 37 66
972 16 191 214
973 14 304 334
974 12 254 297
975 19 422 450
976 18 394 443
977 13 171 186
978 12 34 50
979 15 384 411
980 17 300 341
981 15 153 166
982 20 25 67
983 20 420 462
984 12 259 302
985 17 162 200
986 14 326 356
987 16 310 328
988 19 187 232
989 19 518 531
990 12 348 383
991 11 185 220
992 12 476 492
993 14 117 141
994 16 304 342
995 10 294 322
996 10 453 473
997 15 326 376
998 16 405 435
999 12 123 158
