540
0 0 0 0
1 60 300 360
2 14 90 111
3 18 11 32
4 17 370 381
5 17 271 286
6 18 21 39
7 12 202 239
8 16 21 69
9 17 203 238
10 20 339 364
11 13 106 116
12 12 343 354
13 12 223 238
14 15 110 144
15 14 391 435
16 14 67 110
17 10 210 226
18 16 109 153
19 11 456 484
20 13 504 529
21 16 417 434
22 18 465 478
23 19 481 526
24 19 214 240
25 14 491 519
26 17 3 52
27 18 349 395
28 18 341 364
29 18 27 75
30 16 346 371
31 16 321 366
32 18 507 518
33 10 390 409
34 15 176 218
35 16 161 203
36 15 51 84
37 11 205 249
38 11 432 480
39 14 444 478
40 13 492 520
41 18 377 406
42 12 435 478
43 14 96 118
44 18 199 248
45 11 350 364
46 10 406 434
47 11 518 537
48 20 315 340
49 19 440 486
50 10 223 243
51 20 400 444
52 18 406 447
53 17 464 514
54 19 28 61
55 20 149 183
56 16 271 297
57 20 426 451
58 10 228 249
59 15 224 272
60 11 338 351
61 13 172 215
62 10 249 292
63 12 118 136
64 20 86 124
65 17 300 310
66 15 492 540
67 15 210 247
68 10 386 428
69 20 362 380
70 18 337 364
71 19 457 489
72 18 157 197
73 10 91 127
74 11 420 454
75 12 83 133
76 13 362 382
77 12 429 473
78 17 348 386
79 20 54 75
80 20 380 400
81 14 153 168
82 11 190 202
83 20 303 323
84 11 60 100
85 19 316 331
86 10 365 403
87 18 367 408
88 11 1 24
89 10 453 474
90 13 175 221
91 11 21 44
92 14 485 522
93 10 175 195
94 17 87 97
95 19 455 487
96 19 226 246
97 11 182 205
98 11 251 299
99 16 488 530
100 18 36 51
101 14 160 206
102 16 480 517
103 17 512 523
104 13 95 131
105 10 325 370
106 10 276 311
107 13 418 458
108 14 70 82
109 18 367 408
110 10 437 480
111 17 290 332
112 19 477 493
113 18 67 81
114 17 28 65
115 13 319 330
116 20 323 338
117 11 320 335
118 16 61 93
119 17 500 539
120 20 31 41
121 12 499 535
122 13 136 177
123 17 293 335
124 15 519 558
125 11 18 42
126 15 264 291
127 20 520 545
128 15 231 246
129 12 70 103
130 13 109 141
131 16 202 224
132 19 19 60
133 13 106 132
134 18 302 315
135 16 87 112
136 14 439 461
137 18 145 194
138 19 349 391
139 19 406 449
140 17 227 237
141 20 207 217
142 13 465 498
143 17 29 46
144 17 88 108
145 11 24 53
146 17 208 223
147 19 400 426
148 15 13 60
149 16 452 484
150 16 290 315
151 13 60 76
152 14 396 445
153 13 211 238
154 10 484 526
155 16 480 524
156 18 124 160
157 20 64 75
158 16 203 234
159 17 500 544
160 13 398 435
161 15 252 284
162 12 514 548
163 11 215 255
164 16 97 146
165 20 254 270
166 15 186 233
167 19 434 474
168 19 314 357
169 13 103 139
170 14 166 206
171 14 362 396
172 14 224 258
173 10 297 308
174 18 469 506
175 13 318 353
176 19 392 416
177 11 348 387
178 15 330 371
179 15 162 204
180 18 106 125
181 11 119 167
182 19 138 176
183 11 79 125
184 10 268 303
185 13 288 337
186 18 495 545
187 12 490 528
188 19 273 292
189 13 76 123
190 12 267 297
191 18 281 295
192 15 105 135
193 12 214 246
194 15 518 548
195 13 151 161
196 12 98 110
197 16 8 46
198 11 49 91
199 13 108 123
