480
0 0 0 0
1 60 240 300
2 17 0 240
3 16 300 480
4 12 300 480
5 19 300 480
6 19 300 480
7 17 0 240
8 19 0 240
9 19 300 480
10 16 300 480
11 14 300 480
12 15 300 480
13 19 0 240
14 11 300 480
15 19 0 240
16 19 0 240
17 16 300 480
18 17 0 240
19 19 300 480
20 11 0 240
21 14 300 480
22 18 300 480
23 18 300 480
24 17 0 240
25 11 0 240
26 18 300 480
27 18 300 480
28 13 0 240
29 12 0 240
30 17 0 240
31 11 300 480
32 15 300 480
33 10 0 240
34 16 0 240
35 16 0 240
36 17 0 240
37 19 0 240
38 19 0 240
39 16 300 480
40 10 300 480
41 17 0 240
42 13 0 240
43 19 300 480
44 10 0 240
45 16 0 240
46 10 0 240
47 20 0 240
48 13 300 480
49 13 300 480
50 19 0 240
51 15 300 480
52 11 300 480
53 17 300 480
54 10 0 240
55 19 300 480
56 20 0 240
57 19 300 480
58 10 0 240
59 13 300 480
60 20 0 240
61 10 300 480
62 18 0 240
63 17 300 480
64 15 300 480
65 18 0 240
66 16 300 480
67 12 300 480
68 16 0 240
69 20 300 480
70 11 300 480
71 10 0 240
72 11 0 240
73 15 300 480
74 13 300 480
75 16 300 480
76 17 300 480
77 14 300 480
78 11 300 480
79 20 0 240
80 12 300 480
81 19 0 240
82 17 300 480
83 14 0 240
84 13 0 240
85 16 300 480
86 19 300 480
87 14 300 480
88 15 300 480
89 20 0 240
90 16 0 240
91 13 0 240
92 12 0 240
93 17 300 480
94 10 300 480
95 20 0 240
96 12 0 240
97 18 300 480
98 13 300 480
99 11 0 240
100 14 0 240
101 12 300 480
102 14 300 480
103 20 0 240
104 12 300 480
105 12 0 240
106 16 300 480
107 15 0 240
108 15 300 480
109 17 0 240
110 18 300 480
111 14 300 480
112 10 300 480
113 10 0 240
114 18 0 240
115 19 300 480
116 14 300 480
117 14 0 240
118 17 0 240
119 18 0 240
120 11 300 480
121 14 300 480
122 16 300 480
123 15 300 480
124 19 0 240
125 15 300 480
126 16 300 480
127 19 0 240
128 11 300 480
129 12 0 240
130 19 0 240
131 14 300 480
132 16 0 240
133 12 0 240
134 18 0 240
135 12 0 240
136 17 0 240
137 19 0 240
138 15 300 480
139 11 300 480
140 15 0 240
141 10 300 480
142 18 300 480
143 13 0 240
144 15 0 240
145 15 0 240
146 19 0 240
147 14 0 240
148 15 300 480
149 17 300 480
150 10 0 240
151 16 300 480
152 11 0 240
153 17 300 480
154 10 0 240
155 12 0 240
156 12 0 240
157 11 0 240
158 18 0 240
159 17 300 480
160 15 0 240
161 16 0 240
162 13 300 480
163 14 300 480
164 13 0 240
165 16 300 480
166 14 0 240
167 17 0 240
168 11 300 480
169 19 300 480
170 18 300 480
171 16 300 480
172 20 300 480
173 12 0 240
174 15 300 480
175 16 0 240
176 12 0 240
177 16 0 240
178 11 300 480
179 13 300 480
180 16 0 240
181 20 0 240
182 18 0 240
183 16 0 240
184 18 0 240
185 15 0 240
186 13 300 480
187 12 0 240
188 20 0 240
189 12 300 480
190 17 0 240
191 13 0 240
192 11 0 240
193 11 300 480
194 15 300 480
195 19 300 480
196 12 300 480
197 11 300 480
198 18 300 480
199 16 0 240
200 11 300 480
201 12 0 240
202 13 0 240
203 17 0 240
204 14 300 480
205 10 300 480
206 18 300 480
207 19 300 480
208 14 300 480
209 16 300 480
210 18 300 480
211 18 300 480
212 19 300 480
213 15 300 480
214 18 300 480
215 16 300 480
216 15 300 480
217 12 300 480
218 10 0 240
219 10 300 480
220 20 300 480
221 11 300 480
222 11 0 240
223 17 0 240
224 18 300 480
225 14 0 240
226 12 0 240
227 17 300 480
228 11 300 480
229 20 0 240
230 12 0 240
231 19 300 480
232 20 300 480
233 18 0 240
234 18 0 240
235 18 0 240
236 20 0 240
237 18 0 240
238 14 300 480
239 20 0 240
240 17 300 480
241 10 0 240
242 14 300 480
243 10 0 240
244 17 300 480
245 17 0 240
246 18 0 240
247 16 300 480
248 14 0 240
249 16 0 240
250 20 0 240
251 14 0 240
252 14 0 240
253 19 0 240
254 16 300 480
255 20 300 480
256 16 300 480
257 10 0 240
258 10 0 240
259 15 0 240
260 16 0 240
261 15 300 480
262 15 0 240
263 16 300 480
264 11 0 240
265 20 0 240
266 16 0 240
267 12 0 240
268 20 0 240
269 12 300 480
270 12 300 480
271 17 300 480
272 18 300 480
273 13 300 480
274 20 300 480
275 17 0 240
276 19 0 240
277 19 300 480
278 20 300 480
279 20 0 240
280 12 0 240
281 18 300 480
282 14 300 480
283 17 0 240
284 12 0 240
285 14 300 480
286 18 0 240
287 11 0 240
288 15 0 240
289 11 300 480
290 14 0 240
291 16 300 480
292 14 0 240
293 20 0 240
294 17 300 480
295 11 0 240
296 14 0 240
297 11 300 480
298 15 0 240
299 19 300 480
300 17 0 240
301 15 300 480
302 13 0 240
303 16 300 480
304 11 300 480
305 11 300 480
306 20 0 240
307 15 300 480
308 19 0 240
309 14 0 240
310 11 300 480
311 17 0 240
312 20 0 240
313 20 300 480
314 12 0 240
315 13 300 480
316 19 0 240
317 19 300 480
318 16 0 240
319 17 300 480
320 10 0 240
321 13 0 240
322 10 300 480
323 20 0 240
324 16 300 480
325 13 0 240
326 12 300 480
327 18 0 240
328 11 0 240
329 12 300 480
330 15 0 240
331 16 300 480
332 11 300 480
333 13 300 480
334 13 300 480
335 18 300 480
336 15 0 240
337 19 0 240
338 18 0 240
339 11 300 480
340 17 300 480
341 13 0 240
342 15 300 480
343 14 0 240
344 13 0 240
345 13 0 240
346 10 300 480
347 12 0 240
348 18 0 240
349 12 0 240
350 10 300 480
351 14 0 240
352 18 300 480
353 12 300 480
354 18 0 240
355 18 300 480
356 11 0 240
357 13 0 240
358 17 300 480
359 10 300 480
360 10 0 240
361 14 300 480
362 13 0 240
363 14 0 240
364 10 0 240
365 11 0 240
366 20 300 480
367 11 300 480
368 13 0 240
369 11 300 480
370 15 300 480
371 19 300 480
372 19 300 480
373 15 300 480
374 11 0 240
375 16 0 240
376 15 300 480
377 16 300 480
378 14 0 240
379 20 300 480
380 16 0 240
381 20 0 240
382 18 0 240
383 18 300 480
384 17 300 480
385 13 0 240
386 11 0 240
387 17 0 240
388 18 0 240
389 15 300 480
390 16 0 240
391 16 300 480
392 17 0 240
393 16 0 240
394 17 0 240
395 12 0 240
396 19 300 480
397 18 300 480
398 18 300 480
399 11 300 480
400 19 300 480
401 13 300 480
402 16 0 240
403 11 300 480
404 13 300 480
405 12 0 240
406 15 0 240
407 19 0 240
408 19 0 240
409 19 300 480
410 10 0 240
411 18 300 480
412 11 0 240
413 14 300 480
414 14 300 480
415 15 300 480
416 14 0 240
417 17 0 240
418 20 0 240
419 11 0 240
420 13 300 480
421 20 0 240
422 10 300 480
423 19 300 480
424 12 0 240
425 13 300 480
426 11 300 480
427 11 300 480
428 10 0 240
429 12 0 240
430 10 0 240
431 11 0 240
432 11 0 240
433 19 0 240
434 17 300 480
435 12 0 240
436 14 0 240
437 10 0 240
438 15 300 480
439 15 0 240
440 20 0 240
441 20 300 480
442 11 0 240
443 10 300 480
444 14 0 240
445 10 300 480
446 14 300 480
447 10 0 240
448 11 300 480
449 15 300 480
450 19 0 240
451 15 0 240
452 15 300 480
453 14 300 480
454 19 300 480
455 16 0 240
456 14 0 240
457 17 300 480
458 16 300 480
459 17 0 240
460 16 300 480
461 16 300 480
462 18 300 480
463 12 300 480
464 10 300 480
465 10 300 480
466 19 300 480
467 18 300 480
468 15 300 480
469 13 0 240
470 13 0 240
471 18 0 240
472 15 0 240
473 19 0 240
474 20 300 480
475 15 300 480
476 20 300 480
477 12 0 240
478 17 0 240
479 16 300 480
480 13 300 480
481 20 300 480
482 14 0 240
483 13 300 480
484 11 0 240
485 17 0 240
486 18 300 480
487 20 300 480
488 16 300 480
489 15 300 480
490 13 0 240
491 15 300 480
492 15 0 240
493 17 300 480
494 15 300 480
495 12 0 240
496 13 0 240
497 15 0 240
498 17 0 240
499 15 300 480
500 17 0 240
501 14 300 480
502 13 300 480
503 11 300 480
504 10 0 240
505 19 300 480
506 19 0 240
507 20 0 240
508 13 0 240
509 17 300 480
510 11 300 480
511 11 300 480
512 14 0 240
513 10 300 480
514 10 0 240
515 18 300 480
516 14 0 240
517 15 300 480
518 18 300 480
519 16 300 480
520 12 300 480
521 11 300 480
522 12 300 480
523 14 0 240
524 17 300 480
525 12 0 240
526 18 0 240
527 16 300 480
528 19 0 240
529 12 0 240
530 15 300 480
531 19 0 240
532 15 300 480
533 13 300 480
534 12 0 240
535 18 0 240
536 14 300 480
537 17 0 240
538 15 0 240
539 13 300 480
540 19 0 240
541 14 300 480
542 19 300 480
543 10 0 240
544 11 300 480
545 12 0 240
546 18 0 240
547 10 0 240
548 16 300 480
549 14 300 480
550 16 300 480
551 12 300 480
552 14 0 240
553 12 300 480
554 15 0 240
555 17 0 240
556 11 300 480
557 16 0 240
558 17 0 240
559 15 0 240
560 16 0 240
561 19 0 240
562 13 300 480
563 17 0 240
564 10 300 480
565 12 300 480
566 20 300 480
567 12 0 240
568 12 0 240
569 20 300 480
570 20 300 480
571 16 0 240
572 15 0 240
573 12 0 240
574 19 300 480
575 18 0 240
576 10 0 240
577 13 300 480
578 16 300 480
579 12 300 480
580 13 0 240
581 15 300 480
582 20 300 480
583 14 300 480
584 19 300 480
585 16 0 240
586 13 0 240
587 19 300 480
588 19 0 240
589 12 300 480
590 12 300 480
591 12 300 480
592 13 0 240
593 19 300 480
594 12 0 240
595 20 300 480
596 16 300 480
597 19 0 240
598 15 300 480
599 20 300 480
600 16 300 480
601 15 0 240
602 20 300 480
603 17 0 240
604 19 300 480
605 20 300 480
606 18 300 480
607 14 300 480
608 20 300 480
609 18 300 480
610 12 0 240
611 12 300 480
612 11 300 480
613 14 0 240
614 19 300 480
615 12 300 480
616 18 300 480
617 10 0 240
618 19 300 480
619 16 300 480
620 10 0 240
621 19 300 480
622 16 0 240
623 20 0 240
624 12 0 240
625 20 0 240
626 13 300 480
627 20 0 240
628 19 0 240
629 12 0 240
630 17 300 480
631 15 0 240
632 13 0 240
633 16 300 480
634 15 0 240
635 10 0 240
636 11 0 240
637 13 300 480
638 11 0 240
639 17 0 240
640 20 0 240
641 13 0 240
642 20 0 240
643 20 0 240
644 11 300 480
645 10 0 240
646 12 0 240
647 17 0 240
648 10 0 240
649 10 300 480
650 20 0 240
651 18 300 480
652 15 300 480
653 15 0 240
654 20 0 240
655 15 300 480
656 10 0 240
657 11 300 480
658 13 0 240
659 12 0 240
660 14 300 480
661 13 300 480
662 11 0 240
663 11 300 480
664 10 0 240
665 12 300 480
666 13 300 480
667 14 300 480
668 14 300 480
669 12 0 240
670 12 300 480
671 11 0 240
672 10 300 480
673 12 300 480
674 11 300 480
675 10 0 240
676 13 300 480
677 14 300 480
678 10 300 480
679 14 300 480
680 18 0 240
681 16 300 480
682 11 0 240
683 10 0 240
684 17 0 240
685 14 0 240
686 17 0 240
687 13 300 480
688 19 300 480
689 20 300 480
690 20 300 480
691 13 0 240
692 18 300 480
693 17 0 240
694 19 300 480
695 17 300 480
696 12 0 240
697 11 0 240
698 20 0 240
699 15 300 480
700 14 300 480
701 10 0 240
702 14 0 240
703 10 300 480
704 11 0 240
705 14 0 240
706 17 0 240
707 13 0 240
708 19 300 480
709 17 0 240
710 12 0 240
711 17 300 480
712 18 300 480
713 13 300 480
714 12 300 480
715 10 300 480
716 11 300 480
717 20 300 480
718 11 300 480
719 10 300 480
720 20 0 240
721 20 300 480
722 12 0 240
723 11 300 480
724 13 0 240
725 15 0 240
726 10 0 240
727 18 0 240
728 14 300 480
729 18 300 480
730 19 300 480
731 18 0 240
732 19 0 240
733 12 300 480
734 15 300 480
735 14 300 480
736 14 0 240
737 16 0 240
738 20 0 240
739 13 0 240
740 10 0 240
741 19 0 240
742 14 0 240
743 18 300 480
744 16 300 480
745 16 300 480
746 10 0 240
747 10 300 480
748 11 300 480
749 16 0 240
750 14 0 240
751 15 0 240
752 12 0 240
753 16 0 240
754 10 300 480
755 10 0 240
756 17 300 480
757 15 300 480
758 19 0 240
759 14 300 480
760 16 0 240
761 16 0 240
762 14 300 480
763 20 0 240
764 16 300 480
765 18 0 240
766 12 300 480
767 20 0 240
768 19 0 240
769 15 0 240
770 10 0 240
771 18 300 480
772 18 0 240
773 16 300 480
774 12 0 240
775 11 300 480
776 16 0 240
777 11 300 480
778 11 0 240
779 19 0 240
780 15 300 480
781 13 0 240
782 20 300 480
783 20 0 240
784 17 0 240
785 20 0 240
786 10 0 240
787 11 0 240
788 16 300 480
789 15 300 480
790 18 0 240
791 10 0 240
792 19 0 240
793 19 0 240
794 14 300 480
795 18 0 240
796 11 300 480
797 17 300 480
798 19 0 240
799 17 300 480
800 17 300 480
801 13 300 480
802 20 300 480
803 19 0 240
804 12 0 240
805 18 0 240
806 13 0 240
807 16 300 480
808 16 300 480
809 12 300 480
810 11 0 240
811 12 0 240
812 19 0 240
813 11 0 240
814 10 300 480
815 17 300 480
816 10 300 480
817 11 300 480
818 12 300 480
819 14 300 480
820 19 0 240
821 18 0 240
822 12 300 480
823 17 300 480
824 11 0 240
825 14 300 480
826 19 300 480
827 16 0 240
828 15 300 480
829 13 300 480
830 11 300 480
831 12 300 480
832 14 0 240
833 11 300 480
834 19 300 480
835 14 0 240
836 16 300 480
837 14 300 480
838 11 0 240
839 16 300 480
840 10 300 480
841 20 300 480
842 15 0 240
843 17 0 240
844 19 300 480
845 16 300 480
846 20 0 240
847 10 0 240
848 18 0 240
849 14 0 240
850 11 0 240
851 12 0 240
852 10 0 240
853 16 0 240
854 16 300 480
855 20 0 240
856 19 300 480
857 18 0 240
858 18 0 240
859 19 300 480
860 14 300 480
861 12 300 480
862 15 0 240
863 13 300 480
864 16 300 480
865 13 300 480
866 12 0 240
867 12 0 240
868 16 300 480
869 13 0 240
870 20 300 480
871 14 300 480
872 16 300 480
873 14 0 240
874 10 0 240
875 18 0 240
876 18 0 240
877 10 0 240
878 18 0 240
879 19 0 240
880 10 300 480
881 15 300 480
882 11 300 480
883 11 300 480
884 12 300 480
885 13 300 480
886 15 300 480
887 16 0 240
888 10 300 480
889 15 0 240
890 18 0 240
891 12 300 480
892 18 0 240
893 16 300 480
894 10 300 480
895 18 0 240
896 15 0 240
897 10 0 240
898 15 300 480
899 11 300 480
900 13 0 240
901 19 300 480
902 18 300 480
903 13 300 480
904 20 300 480
905 14 300 480
906 16 0 240
907 19 300 480
908 13 0 240
909 19 0 240
910 11 300 480
911 14 0 240
912 19 0 240
913 10 300 480
914 17 0 240
915 20 0 240
916 18 0 240
917 17 300 480
918 15 0 240
919 12 0 240
920 20 300 480
921 18 0 240
922 10 0 240
923 20 0 240
924 14 0 240
925 13 0 240
926 11 300 480
927 16 0 240
928 17 0 240
929 12 300 480
930 11 300 480
931 14 300 480
932 18 0 240
933 16 0 240
934 17 300 480
935 16 0 240
936 12 0 240
937 10 300 480
938 10 300 480
939 12 0 240
940 10 0 240
941 15 0 240
942 11 300 480
943 16 0 240
944 17 300 480
945 20 0 240
946 20 0 240
947 13 300 480
948 17 300 480
949 10 0 240
950 16 0 240
951 14 300 480
952 11 0 240
953 13 0 240
954 20 0 240
955 14 0 240
956 13 300 480
957 17 300 480
958 10 0 240
959 12 300 480
960 20 0 240
961 17 300 480
962 13 300 480
963 14 300 480
964 13 300 480
965 10 0 240
966 20 0 240
967 11 300 480
968 11 0 240
969 17 0 240
970 10 0 240
971 11 300 480
972 16 300 480
973 14 0 240
974 12 0 240
975 19 0 240
976 18 300 480
977 13 300 480
978 12 0 240
979 15 300 480
980 17 0 240
981 15 300 480
982 20 0 240
983 20 0 240
984 12 0 240
985 17 0 240
986 14 300 480
987 16 0 240
988 19 300 480
989 19 300 480
990 12 300 480
991 11 300 480
992 12 0 240
993 14 300 480
994 16 0 240
995 10 0 240
996 10 0 240
997 15 0 240
998 16 300 480
999 12 0 240
