540
0 0 0 0
1 60 300 360
2 19 217 235
3 20 420 437
4 14 4 44
5 20 369 415
6 17 141 163
7 12 50 67
8 13 190 217
9 17 315 361
10 20 449 496
11 18 324 362
12 18 426 456
13 11 370 403
14 14 255 291
15 13 104 126
16 17 60 74
17 16 236 262
18 17 150 191
19 16 281 318
20 11 186 198
21 19 163 201
22 12 380 429
23 15 273 286
24 17 260 296
25 20 27 65
26 13 375 423
27 13 474 489
28 15 57 104
29 18 307 324
30 10 512 561
31 11 8 31
32 14 495 536
33 15 411 445
34 17 133 167
35 12 238 274
36 11 217 244
37 17 233 271
38 15 97 124
39 12 91 112
40 16 496 529
41 20 234 272
42 17 111 134
43 17 394 419
44 15 372 405
45 13 120 130
46 11 146 184
47 20 181 191
48 15 57 105
49 20 86 115
50 16 55 90
51 16 374 387
52 18 386 423
53 18 240 266
54 20 63 84
55 19 197 227
56 20 284 317
57 17 421 457
58 13 101 112
59 11 368 393
60 18 147 184
61 20 151 171
62 17 401 438
63 10 93 120
64 18 96 110
65 12 389 432
66 17 436 480
67 18 486 496
68 14 466 514
69 15 379 403
70 13 402 438
71 18 301 344
72 15 247 281
73 19 344 358
74 14 464 480
75 13 333 343
76 11 84 104
77 10 64 86
78 14 335 350
79 16 87 107
80 12 514 532
81 11 32 47
82 20 64 106
83 11 444 460
84 17 79 126
85 16 3 14
86 19 121 168
87 14 373 403
88 10 268 293
89 17 299 321
90 18 64 101
91 18 311 359
92 18 163 192
93 16 23 54
94 18 245 256
95 11 165 214
96 13 257 284
97 10 416 460
98 18 259 279
99 12 46 92
100 11 54 85
101 16 109 138
102 13 360 372
103 17 88 104
104 10 207 230
105 19 366 403
106 18 94 143
107 12 352 384
108 18 51 77
109 20 90 123
110 17 131 180
111 10 462 484
112 16 438 460
113 10 379 405
114 12 284 304
115 15 184 221
116 11 367 402
117 17 450 475
118 14 268 290
119 16 512 536
120 20 348 372
121 20 34 67
122 12 183 202
123 15 250 288
124 13 246 286
125 15 509 531
126 11 96 123
127 16 502 543
128 10 99 142
129 11 15 63
130 20 158 176
131 11 395 432
132 20 280 297
133 20 100 128
134 20 278 302
135 17 250 284
136 17 197 243
137 13 127 139
138 17 48 82
139 11 40 85
140 16 102 130
141 12 340 355
142 12 276 291
143 14 41 59
144 15 268 318
145 19 287 302
146 14 470 494
147 17 437 483
148 18 424 452
149 14 515 537
150 10 323 365
151 12 432 461
152 17 308 342
153 15 203 230
154 17 397 407
155 19 88 99
156 19 349 364
157 19 189 235
158 15 383 428
159 15 276 305
160 15 397 409
161 11 369 396
162 17 398 425
163 14 408 456
164 13 394 411
165 12 454 470
166 16 292 338
167 12 485 528
168 14 394 427
169 10 166 205
170 16 234 245
171 15 308 349
172 19 495 511
173 14 102 130
174 18 213 257
175 14 354 370
176 17 115 127
177 11 260 280
178 18 412 447
179 11 405 449
180 12 344 382
181 13 395 411
182 11 338 363
183 16 394 414
184 15 400 411
185 13 308 347
186 20 208 221
187 15 5 36
188 17 49 87
189 12 309 353
190 10 1 44
191 10 132 148
192 19 495 542
193 15 482 514
194 17 23 40
195 12 458 491
196 13 201 243
197 13 459 474
198 16 374 404
199 12 15 52
200 15 206 238
201 18 215 245
202 13 122 159
203 14 355 396
204 10 80 112
205 12 489 508
206 17 229 274
207 11 114 156
208 12 191 227
209 17 480 496
210 18 264 275
211 15 91 104
212 14 30 48
213 15 222 265
214 18 204 229
215 13 160 207
216 19 340 357
217 20 255 273
218 20 520 549
219 12 310 350
220 19 229 245
221 15 290 309
222 14 410 421
223 17 93 116
224 18 100 145
225 17 135 151
226 13 515 548
227 19 278 324
228 18 290 323
229 18 116 152
230 10 165 209
231 15 75 116
232 10 24 60
233 13 34 70
234 16 141 191
235 13 43 68
236 20 403 421
237 18 84 119
238 12 88 112
239 13 507 533
240 19 428 460
241 10 183 204
242 13 31 56
243 19 170 215
244 13 284 322
245 11 68 80
246 14 358 395
247 12 243 268
248 19 480 523
249 18 97 129
250 19 253 302
251 19 314 336
252 18 235 284
253 11 175 186
254 12 422 472
255 17 149 197
256 10 324 335
257 17 293 307
258 13 275 316
259 11 351 397
260 13 375 388
261 15 520 542
262 20 478 492
263 13 468 492
264 11 430 463
265 20 132 148
266 19 401 450
267 20 94 108
268 13 317 366
269 11 165 199
270 16 391 420
271 14 29 60
272 12 435 478
273 17 124 146
274 19 176 188
275 19 76 112
276 19 234 262
277 14 370 389
278 12 483 512
279 15 239 261
280 18 31 63
281 10 320 355
282 15 278 312
283 12 44 59
284 19 470 516
285 14 27 74
286 12 229 246
287 19 447 472
288 15 111 156
289 11 317 357
290 14 37 78
291 18 461 502
292 15 179 227
293 17 198 225
294 13 179 191
295 15 511 548
296 13 187 222
297 19 188 221
298 15 347 376
299 12 98 142
300 19 471 491
301 17 89 113
302 12 403 438
303 10 189 239
304 17 52 83
305 13 181 215
306 17 192 219
307 17 468 513
308 17 332 356
309 20 207 251
310 10 350 388
311 11 213 240
312 11 33 65
313 16 26 48
314 18 348 374
315 11 50 83
316 16 422 472
317 11 451 494
318 10 198 220
319 15 153 167
320 17 195 241
321 17 192 215
322 17 29 52
323 17 381 417
324 14 361 374
325 13 333 369
326 18 430 452
327 20 189 228
328 11 50 91
329 14 57 68
330 10 327 373
331 10 47 74
332 13 361 390
333 14 31 52
334 15 445 471
335 19 179 225
336 20 70 80
337 17 285 296
338 19 427 449
339 12 359 385
340 10 341 353
341 10 415 456
342 19 224 265
343 14 310 351
344 15 278 309
345 17 455 469
346 10 412 436
347 19 191 206
348 17 175 202
349 20 158 187
350 13 3 23
351 12 186 230
352 12 118 167
353 16 460 506
354 15 74 96
355 15 199 228
356 12 278 305
357 12 219 232
358 20 132 180
359 13 264 296
360 19 433 470
361 15 393 429
362 11 470 499
363 17 485 521
364 14 120 157
365 20 310 339
366 16 68 95
367 15 495 506
368 13 498 547
369 12 478 511
370 15 86 110
371 20 497 544
372 11 60 93
373 18 108 149
374 16 448 484
375 12 130 163
376 11 453 481
377 20 178 220
378 19 70 95
379 15 30 60
380 19 380 428
381 19 6 21
382 17 304 320
383 10 150 195
384 16 5 51
385 12 223 239
386 17 77 105
387 13 415 449
388 15 39 89
389 18 258 300
390 11 66 101
391 13 365 407
392 15 140 170
393 14 99 124
394 13 106 142
395 19 109 148
396 13 194 213
397 13 132 177
398 11 209 226
399 12 359 406
400 10 382 403
401 20 303 333
402 17 37 75
403 10 400 432
404 10 366 377
405 14 492 528
406 10 379 418
407 17 356 405
408 18 346 379
409 10 325 371
410 14 373 412
411 12 150 163
412 17 211 256
413 17 151 182
414 14 76 121
415 12 71 119
416 14 246 263
417 13 29 66
418 18 290 330
419 14 38 86
420 12 40 89
421 18 5 46
422 14 511 560
423 15 453 464
424 12 172 192
425 17 472 518
426 16 229 273
427 18 226 250
428 11 461 507
429 20 86 101
430 10 201 215
431 14 480 529
432 13 164 206
433 16 109 149
434 12 377 399
435 12 507 554
436 18 301 347
437 13 448 469
438 15 472 495
439 18 301 316
440 10 21 65
441 13 146 172
442 10 57 102
443 10 313 344
444 19 353 365
445 17 243 267
446 11 390 413
447 16 217 251
448 13 453 473
449 17 106 140
450 14 347 378
451 20 434 463
452 14 377 416
453 12 76 109
454 12 80 90
455 13 184 212
456 12 303 347
457 10 500 528
458 12 205 221
459 13 155 199
460 13 12 52
461 15 493 515
462 17 187 205
463 17 315 343
464 20 99 122
465 16 240 257
466 10 355 372
467 10 194 222
468 10 427 448
469 11 322 349
470 12 3 43
471 17 274 290
472 16 518 545
473 19 356 404
474 20 505 523
475 10 514 539
476 12 407 446
477 19 111 145
478 12 201 237
479 10 228 272
480 20 410 437
481 20 3 27
482 20 437 487
483 12 20 62
484 10 188 230
485 11 361 390
486 14 399 440
487 20 180 216
488 12 410 452
489 18 9 57
490 15 62 92
491 15 337 361
492 14 32 68
493 14 222 266
494 12 306 335
495 19 142 167
496 16 287 298
497 10 91 113
498 12 498 531
499 20 430 441
