480
0 0 0 0
1 60 240 300
2 19 0 480
3 20 0 480
4 14 0 480
5 20 0 480
6 17 0 480
7 12 0 480
8 13 0 480
9 17 0 480
10 20 0 480
11 18 0 480
12 18 0 480
13 11 0 480
14 14 0 480
15 13 0 480
16 17 0 480
17 16 0 480
18 17 0 480
19 16 0 480
20 11 0 480
21 19 0 480
22 12 0 480
23 15 0 480
24 17 0 480
25 20 0 480
26 13 0 480
27 13 0 480
28 15 0 480
29 18 0 480
30 10 0 480
31 11 0 480
32 14 0 480
33 15 0 480
34 17 0 480
35 12 0 480
36 11 0 480
37 17 0 480
38 15 0 480
39 12 0 480
40 16 0 480
41 20 0 480
42 17 0 480
43 17 0 480
44 15 0 480
45 13 0 480
46 11 0 480
47 20 0 480
48 15 0 480
49 20 0 480
50 16 0 480
51 16 0 480
52 18 0 480
53 18 0 480
54 20 0 480
55 19 0 480
56 20 0 480
57 17 0 480
58 13 0 480
59 11 0 480
60 18 0 480
61 20 0 480
62 17 0 480
63 10 0 480
64 18 0 480
65 12 0 480
66 17 0 480
67 18 0 480
68 14 0 480
69 15 0 480
70 13 0 480
71 18 0 480
72 15 0 480
73 19 0 480
74 14 0 480
75 13 0 480
76 11 0 480
77 10 0 480
78 14 0 480
79 16 0 480
80 12 0 480
81 11 0 480
82 20 0 480
83 11 0 480
84 17 0 480
85 16 0 480
86 19 0 480
87 14 0 480
88 10 0 480
89 17 0 480
90 18 0 480
91 18 0 480
92 18 0 480
93 16 0 480
94 18 0 480
95 11 0 480
96 13 0 480
97 10 0 480
98 18 0 480
99 12 0 480
100 11 0 480
101 16 0 480
102 13 0 480
103 17 0 480
104 10 0 480
105 19 0 480
106 18 0 480
107 12 0 480
108 18 0 480
109 20 0 480
110 17 0 480
111 10 0 480
112 16 0 480
113 10 0 480
114 12 0 480
115 15 0 480
116 11 0 480
117 17 0 480
118 14 0 480
119 16 0 480
120 20 0 480
121 20 0 480
122 12 0 480
123 15 0 480
124 13 0 480
125 15 0 480
126 11 0 480
127 16 0 480
128 10 0 480
129 11 0 480
130 20 0 480
131 11 0 480
132 20 0 480
133 20 0 480
134 20 0 480
135 17 0 480
136 17 0 480
137 13 0 480
138 17 0 480
139 11 0 480
140 16 0 480
141 12 0 480
142 12 0 480
143 14 0 480
144 15 0 480
145 19 0 480
146 14 0 480
147 17 0 480
148 18 0 480
149 14 0 480
150 10 0 480
151 12 0 480
152 17 0 480
153 15 0 480
154 17 0 480
155 19 0 480
156 19 0 480
157 19 0 480
158 15 0 480
159 15 0 480
160 15 0 480
161 11 0 480
162 17 0 480
163 14 0 480
164 13 0 480
165 12 0 480
166 16 0 480
167 12 0 480
168 14 0 480
169 10 0 480
170 16 0 480
171 15 0 480
172 19 0 480
173 14 0 480
174 18 0 480
175 14 0 480
176 17 0 480
177 11 0 480
178 18 0 480
179 11 0 480
180 12 0 480
181 13 0 480
182 11 0 480
183 16 0 480
184 15 0 480
185 13 0 480
186 20 0 480
187 15 0 480
188 17 0 480
189 12 0 480
190 10 0 480
191 10 0 480
192 19 0 480
193 15 0 480
194 17 0 480
195 12 0 480
196 13 0 480
197 13 0 480
198 16 0 480
199 12 0 480
200 15 0 480
201 18 0 480
202 13 0 480
203 14 0 480
204 10 0 480
205 12 0 480
206 17 0 480
207 11 0 480
208 12 0 480
209 17 0 480
210 18 0 480
211 15 0 480
212 14 0 480
213 15 0 480
214 18 0 480
215 13 0 480
216 19 0 480
217 20 0 480
218 20 0 480
219 12 0 480
220 19 0 480
221 15 0 480
222 14 0 480
223 17 0 480
224 18 0 480
225 17 0 480
226 13 0 480
227 19 0 480
228 18 0 480
229 18 0 480
230 10 0 480
231 15 0 480
232 10 0 480
233 13 0 480
234 16 0 480
235 13 0 480
236 20 0 480
237 18 0 480
238 12 0 480
239 13 0 480
240 19 0 480
241 10 0 480
242 13 0 480
243 19 0 480
244 13 0 480
245 11 0 480
246 14 0 480
247 12 0 480
248 19 0 480
249 18 0 480
250 19 0 480
251 19 0 480
252 18 0 480
253 11 0 480
254 12 0 480
255 17 0 480
256 10 0 480
257 17 0 480
258 13 0 480
259 11 0 480
260 13 0 480
261 15 0 480
262 20 0 480
263 13 0 480
264 11 0 480
265 20 0 480
266 19 0 480
267 20 0 480
268 13 0 480
269 11 0 480
270 16 0 480
271 14 0 480
272 12 0 480
273 17 0 480
274 19 0 480
275 19 0 480
276 19 0 480
277 14 0 480
278 12 0 480
279 15 0 480
280 18 0 480
281 10 0 480
282 15 0 480
283 12 0 480
284 19 0 480
285 14 0 480
286 12 0 480
287 19 0 480
288 15 0 480
289 11 0 480
290 14 0 480
291 18 0 480
292 15 0 480
293 17 0 480
294 13 0 480
295 15 0 480
296 13 0 480
297 19 0 480
298 15 0 480
299 12 0 480
300 19 0 480
301 17 0 480
302 12 0 480
303 10 0 480
304 17 0 480
305 13 0 480
306 17 0 480
307 17 0 480
308 17 0 480
309 20 0 480
310 10 0 480
311 11 0 480
312 11 0 480
313 16 0 480
314 18 0 480
315 11 0 480
316 16 0 480
317 11 0 480
318 10 0 480
319 15 0 480
320 17 0 480
321 17 0 480
322 17 0 480
323 17 0 480
324 14 0 480
325 13 0 480
326 18 0 480
327 20 0 480
328 11 0 480
329 14 0 480
330 10 0 480
331 10 0 480
332 13 0 480
333 14 0 480
334 15 0 480
335 19 0 480
336 20 0 480
337 17 0 480
338 19 0 480
339 12 0 480
340 10 0 480
341 10 0 480
342 19 0 480
343 14 0 480
344 15 0 480
345 17 0 480
346 10 0 480
347 19 0 480
348 17 0 480
349 20 0 480
350 13 0 480
351 12 0 480
352 12 0 480
353 16 0 480
354 15 0 480
355 15 0 480
356 12 0 480
357 12 0 480
358 20 0 480
359 13 0 480
360 19 0 480
361 15 0 480
362 11 0 480
363 17 0 480
364 14 0 480
365 20 0 480
366 16 0 480
367 15 0 480
368 13 0 480
369 12 0 480
370 15 0 480
371 20 0 480
372 11 0 480
373 18 0 480
374 16 0 480
375 12 0 480
376 11 0 480
377 20 0 480
378 19 0 480
379 15 0 480
380 19 0 480
381 19 0 480
382 17 0 480
383 10 0 480
384 16 0 480
385 12 0 480
386 17 0 480
387 13 0 480
388 15 0 480
389 18 0 480
390 11 0 480
391 13 0 480
392 15 0 480
393 14 0 480
394 13 0 480
395 19 0 480
396 13 0 480
397 13 0 480
398 11 0 480
399 12 0 480
400 10 0 480
401 20 0 480
402 17 0 480
403 10 0 480
404 10 0 480
405 14 0 480
406 10 0 480
407 17 0 480
408 18 0 480
409 10 0 480
410 14 0 480
411 12 0 480
412 17 0 480
413 17 0 480
414 14 0 480
415 12 0 480
416 14 0 480
417 13 0 480
418 18 0 480
419 14 0 480
420 12 0 480
421 18 0 480
422 14 0 480
423 15 0 480
424 12 0 480
425 17 0 480
426 16 0 480
427 18 0 480
428 11 0 480
429 20 0 480
430 10 0 480
431 14 0 480
432 13 0 480
433 16 0 480
434 12 0 480
435 12 0 480
436 18 0 480
437 13 0 480
438 15 0 480
439 18 0 480
440 10 0 480
441 13 0 480
442 10 0 480
443 10 0 480
444 19 0 480
445 17 0 480
446 11 0 480
447 16 0 480
448 13 0 480
449 17 0 480
450 14 0 480
451 20 0 480
452 14 0 480
453 12 0 480
454 12 0 480
455 13 0 480
456 12 0 480
457 10 0 480
458 12 0 480
459 13 0 480
460 13 0 480
461 15 0 480
462 17 0 480
463 17 0 480
464 20 0 480
465 16 0 480
466 10 0 480
467 10 0 480
468 10 0 480
469 11 0 480
470 12 0 480
471 17 0 480
472 16 0 480
473 19 0 480
474 20 0 480
475 10 0 480
476 12 0 480
477 19 0 480
478 12 0 480
479 10 0 480
480 20 0 480
481 20 0 480
482 20 0 480
483 12 0 480
484 10 0 480
485 11 0 480
486 14 0 480
487 20 0 480
488 12 0 480
489 18 0 480
490 15 0 480
491 15 0 480
492 14 0 480
493 14 0 480
494 12 0 480
495 19 0 480
496 16 0 480
497 10 0 480
498 12 0 480
499 20 0 480
